 &plot nbnd=   8, nks=    39 /
           -0.500000  0.500000  0.500000
   -3.282   -0.774    5.057    5.057    7.907    9.687    9.687   13.882
           -0.450000  0.450000  0.450000
   -3.426   -0.566    5.075    5.075    7.928    9.708    9.708   13.915
           -0.400000  0.400000  0.400000
   -3.780   -0.036    5.131    5.131    7.984    9.771    9.771   13.996
           -0.350000  0.350000  0.350000
   -4.172    0.664    5.223    5.223    8.082    9.842    9.842   14.078
           -0.300000  0.300000  0.300000
   -4.558    1.469    5.350    5.350    8.199    9.887    9.887   13.893
           -0.250000  0.250000  0.250000
   -4.890    2.358    5.513    5.513    8.365    9.860    9.860   13.243
           -0.200000  0.200000  0.200000
   -5.179    3.290    5.701    5.701    8.581    9.713    9.713   12.415
           -0.150000  0.150000  0.150000
   -5.399    4.246    5.903    5.903    8.803    9.465    9.465   11.553
           -0.100000  0.100000  0.100000
   -5.564    5.170    6.099    6.099    8.941    9.188    9.188   10.726
           -0.050000  0.050000  0.050000
   -5.663    5.955    6.249    6.249    8.957    8.968    8.968   10.093
            0.000000  0.000000  0.000000
   -5.687    6.311    6.311    6.311    8.884    8.884    8.884    9.875
            0.000000  0.000000  0.090909
   -5.662    6.092    6.149    6.149    8.792    9.084    9.084   10.084
            0.000000  0.000000  0.181818
   -5.553    5.551    5.785    5.785    8.551    9.584    9.584   10.546
            0.000000  0.000000  0.272727
   -5.370    4.854    5.351    5.351    8.230   10.242   10.242   10.840
            0.000000  0.000000  0.363636
   -5.127    4.077    4.917    4.917    7.874   10.476   10.966   10.966
            0.000000  0.000000  0.454545
   -4.795    3.278    4.519    4.519    7.552    9.801   11.757   11.757
            0.000000  0.000000  0.545455
   -4.401    2.465    4.170    4.170    7.274    9.092   12.575   12.575
            0.000000  0.000000  0.636364
   -3.954    1.599    3.876    3.876    7.043    8.450   13.366   13.366
            0.000000  0.000000  0.727273
   -3.423    0.789    3.648    3.648    6.899    7.915   14.221   14.221
            0.000000  0.000000  0.818182
   -2.847   -0.006    3.481    3.481    6.808    7.487   15.086   15.086
            0.000000  0.000000  0.909091
   -2.195   -0.774    3.381    3.381    6.840    7.169   15.935   15.935
            0.000000  0.000000  1.000000
   -1.506   -1.506    3.347    3.347    6.954    6.954   16.475   16.475
           -0.000000  0.083333  1.000000
   -1.495   -1.495    3.255    3.255    7.124    7.124   16.181   16.181
            0.000000  0.166667  1.000000
   -1.455   -1.455    3.027    3.027    7.587    7.587   15.320   15.320
            0.000000  0.250000  1.000000
   -1.423   -1.423    2.758    2.758    8.241    8.241   14.237   14.237
           -0.000000  0.333333  1.000000
   -1.369   -1.369    2.519    2.519    9.039    9.039   13.145   13.145
            0.000000  0.416667  1.000000
   -1.342   -1.342    2.357    2.357    9.907    9.907   12.084   12.084
            0.000000  0.500000  1.000000
   -1.342   -1.342    2.299    2.299   10.576   10.576   11.341   11.341
            0.000000  0.562500  0.937500
   -1.581   -1.095    2.101    2.624    9.655   10.622   11.832   11.902
            0.000000  0.625000  0.875000
   -1.760   -0.975    1.956    3.096    8.601   10.538   12.533   12.796
            0.000000  0.687500  0.812500
   -1.862   -0.927    1.867    3.570    7.790   10.471   13.289   13.755
            0.000000  0.750000  0.750000
   -1.891   -0.914    1.837    3.789    7.461   10.448   13.880   14.406
           -0.071429  0.714286  0.714286
   -2.164   -0.684    1.835    3.936    7.637   11.212   13.173   13.385
           -0.142857  0.678571  0.678571
   -2.480   -0.538    2.129    4.129    7.889   11.899   12.301   12.487
           -0.214286  0.642857  0.642857
   -2.768   -0.539    2.682    4.355    8.177   11.221   11.491   13.047
           -0.285714  0.607143  0.607143
   -3.001   -0.610    3.381    4.597    8.465   10.327   10.772   13.904
           -0.357143  0.571429  0.571429
   -3.162   -0.690    4.120    4.824    8.534    9.715   10.204   14.317
           -0.428571  0.535714  0.535714
   -3.248   -0.753    4.766    4.993    8.162    9.635    9.820   14.041
           -0.500000  0.500000  0.500000
   -3.282   -0.774    5.057    5.057    7.907    9.687    9.687   13.882
