# energy grid [eV]  eels components [arbitrary units]
#
    0.000000000    0.000000000    0.000000000    0.000000000
    0.015015015    0.000000646    0.000000647    0.000000120
    0.030030030    0.000001293    0.000001294    0.000000240
    0.045045045    0.000001939    0.000001941    0.000000360
    0.060060060    0.000002586    0.000002588    0.000000480
    0.075075075    0.000003233    0.000003236    0.000000601
    0.090090090    0.000003880    0.000003884    0.000000721
    0.105105105    0.000004527    0.000004532    0.000000841
    0.120120120    0.000005176    0.000005181    0.000000961
    0.135135135    0.000005824    0.000005830    0.000001082
    0.150150150    0.000006473    0.000006480    0.000001202
    0.165165165    0.000007123    0.000007131    0.000001322
    0.180180180    0.000007774    0.000007782    0.000001442
    0.195195195    0.000008426    0.000008434    0.000001563
    0.210210210    0.000009078    0.000009088    0.000001683
    0.225225225    0.000009731    0.000009742    0.000001804
    0.240240240    0.000010386    0.000010397    0.000001924
    0.255255255    0.000011041    0.000011053    0.000002045
    0.270270270    0.000011698    0.000011710    0.000002166
    0.285285285    0.000012355    0.000012368    0.000002287
    0.300300300    0.000013014    0.000013028    0.000002407
    0.315315315    0.000013675    0.000013689    0.000002528
    0.330330330    0.000014337    0.000014352    0.000002649
    0.345345345    0.000015000    0.000015016    0.000002771
    0.360360360    0.000015665    0.000015681    0.000002892
    0.375375375    0.000016332    0.000016349    0.000003013
    0.390390390    0.000017000    0.000017018    0.000003134
    0.405405405    0.000017670    0.000017689    0.000003256
    0.420420420    0.000018342    0.000018361    0.000003377
    0.435435435    0.000019016    0.000019036    0.000003499
    0.450450450    0.000019692    0.000019712    0.000003621
    0.465465465    0.000020370    0.000020391    0.000003743
    0.480480480    0.000021050    0.000021072    0.000003865
    0.495495495    0.000021733    0.000021755    0.000003987
    0.510510511    0.000022417    0.000022441    0.000004109
    0.525525526    0.000023104    0.000023128    0.000004232
    0.540540541    0.000023794    0.000023819    0.000004355
    0.555555556    0.000024486    0.000024512    0.000004477
    0.570570571    0.000025181    0.000025207    0.000004600
    0.585585586    0.000025879    0.000025905    0.000004723
    0.600600601    0.000026579    0.000026606    0.000004846
    0.615615616    0.000027282    0.000027310    0.000004970
    0.630630631    0.000027988    0.000028017    0.000005093
    0.645645646    0.000028697    0.000028727    0.000005217
    0.660660661    0.000029410    0.000029440    0.000005341
    0.675675676    0.000030125    0.000030156    0.000005465
    0.690690691    0.000030844    0.000030875    0.000005589
    0.705705706    0.000031566    0.000031598    0.000005713
    0.720720721    0.000032292    0.000032325    0.000005838
    0.735735736    0.000033021    0.000033055    0.000005963
    0.750750751    0.000033754    0.000033788    0.000006088
    0.765765766    0.000034490    0.000034525    0.000006213
    0.780780781    0.000035231    0.000035267    0.000006338
    0.795795796    0.000035975    0.000036012    0.000006464
    0.810810811    0.000036724    0.000036761    0.000006590
    0.825825826    0.000037476    0.000037514    0.000006716
    0.840840841    0.000038233    0.000038271    0.000006842
    0.855855856    0.000038994    0.000039033    0.000006968
    0.870870871    0.000039759    0.000039799    0.000007095
    0.885885886    0.000040529    0.000040569    0.000007222
    0.900900901    0.000041303    0.000041345    0.000007349
    0.915915916    0.000042083    0.000042125    0.000007477
    0.930930931    0.000042867    0.000042909    0.000007604
    0.945945946    0.000043656    0.000043699    0.000007732
    0.960960961    0.000044450    0.000044494    0.000007860
    0.975975976    0.000045249    0.000045293    0.000007989
    0.990990991    0.000046053    0.000046099    0.000008118
    1.006006006    0.000046863    0.000046909    0.000008247
    1.021021021    0.000047678    0.000047725    0.000008376
    1.036036036    0.000048499    0.000048546    0.000008505
    1.051051051    0.000049325    0.000049374    0.000008635
    1.066066066    0.000050158    0.000050207    0.000008766
    1.081081081    0.000050996    0.000051046    0.000008896
    1.096096096    0.000051840    0.000051891    0.000009027
    1.111111111    0.000052691    0.000052742    0.000009158
    1.126126126    0.000053548    0.000053599    0.000009289
    1.141141141    0.000054411    0.000054463    0.000009421
    1.156156156    0.000055281    0.000055334    0.000009553
    1.171171171    0.000056158    0.000056211    0.000009685
    1.186186186    0.000057041    0.000057095    0.000009818
    1.201201201    0.000057932    0.000057987    0.000009951
    1.216216216    0.000058829    0.000058885    0.000010084
    1.231231231    0.000059734    0.000059790    0.000010218
    1.246246246    0.000060646    0.000060703    0.000010352
    1.261261261    0.000061566    0.000061624    0.000010487
    1.276276276    0.000062494    0.000062552    0.000010622
    1.291291291    0.000063429    0.000063488    0.000010757
    1.306306306    0.000064372    0.000064432    0.000010892
    1.321321321    0.000065324    0.000065385    0.000011028
    1.336336336    0.000066284    0.000066345    0.000011165
    1.351351351    0.000067252    0.000067314    0.000011301
    1.366366366    0.000068229    0.000068292    0.000011438
    1.381381381    0.000069215    0.000069279    0.000011576
    1.396396396    0.000070210    0.000070274    0.000011714
    1.411411411    0.000071214    0.000071279    0.000011852
    1.426426426    0.000072228    0.000072293    0.000011991
    1.441441441    0.000073251    0.000073317    0.000012130
    1.456456456    0.000074283    0.000074350    0.000012270
    1.471471471    0.000075326    0.000075394    0.000012410
    1.486486486    0.000076379    0.000076447    0.000012551
    1.501501502    0.000077442    0.000077511    0.000012692
    1.516516517    0.000078515    0.000078585    0.000012833
    1.531531532    0.000079600    0.000079670    0.000012975
    1.546546547    0.000080695    0.000080766    0.000013117
    1.561561562    0.000081801    0.000081873    0.000013260
    1.576576577    0.000082919    0.000082991    0.000013403
    1.591591592    0.000084048    0.000084121    0.000013547
    1.606606607    0.000085189    0.000085263    0.000013692
    1.621621622    0.000086343    0.000086417    0.000013836
    1.636636637    0.000087508    0.000087583    0.000013982
    1.651651652    0.000088686    0.000088762    0.000014128
    1.666666667    0.000089877    0.000089953    0.000014274
    1.681681682    0.000091080    0.000091157    0.000014421
    1.696696697    0.000092297    0.000092375    0.000014568
    1.711711712    0.000093528    0.000093606    0.000014716
    1.726726727    0.000094772    0.000094851    0.000014865
    1.741741742    0.000096030    0.000096110    0.000015014
    1.756756757    0.000097303    0.000097383    0.000015164
    1.771771772    0.000098590    0.000098671    0.000015314
    1.786786787    0.000099892    0.000099974    0.000015465
    1.801801802    0.000101210    0.000101293    0.000015616
    1.816816817    0.000102543    0.000102626    0.000015768
    1.831831832    0.000103892    0.000103976    0.000015921
    1.846846847    0.000105257    0.000105341    0.000016074
    1.861861862    0.000106638    0.000106723    0.000016228
    1.876876877    0.000108036    0.000108122    0.000016382
    1.891891892    0.000109452    0.000109538    0.000016537
    1.906906907    0.000110885    0.000110972    0.000016693
    1.921921922    0.000112336    0.000112424    0.000016849
    1.936936937    0.000113805    0.000113893    0.000017006
    1.951951952    0.000115292    0.000115382    0.000017164
    1.966966967    0.000116799    0.000116889    0.000017322
    1.981981982    0.000118325    0.000118415    0.000017482
    1.996996997    0.000119870    0.000119962    0.000017641
    2.012012012    0.000121436    0.000121528    0.000017802
    2.027027027    0.000123023    0.000123116    0.000017963
    2.042042042    0.000124631    0.000124724    0.000018125
    2.057057057    0.000126260    0.000126354    0.000018287
    2.072072072    0.000127911    0.000128005    0.000018451
    2.087087087    0.000129584    0.000129679    0.000018615
    2.102102102    0.000131280    0.000131376    0.000018779
    2.117117117    0.000133000    0.000133097    0.000018945
    2.132132132    0.000134743    0.000134841    0.000019111
    2.147147147    0.000136511    0.000136609    0.000019278
    2.162162162    0.000138304    0.000138403    0.000019446
    2.177177177    0.000140122    0.000140222    0.000019615
    2.192192192    0.000141966    0.000142066    0.000019785
    2.207207207    0.000143837    0.000143938    0.000019955
    2.222222222    0.000145735    0.000145836    0.000020126
    2.237237237    0.000147661    0.000147763    0.000020298
    2.252252252    0.000149615    0.000149717    0.000020471
    2.267267267    0.000151598    0.000151701    0.000020645
    2.282282282    0.000153610    0.000153714    0.000020819
    2.297297297    0.000155653    0.000155757    0.000020995
    2.312312312    0.000157727    0.000157832    0.000021171
    2.327327327    0.000159832    0.000159938    0.000021348
    2.342342342    0.000161970    0.000162076    0.000021527
    2.357357357    0.000164141    0.000164248    0.000021706
    2.372372372    0.000166346    0.000166453    0.000021886
    2.387387387    0.000168586    0.000168694    0.000022067
    2.402402402    0.000170861    0.000170969    0.000022249
    2.417417417    0.000173172    0.000173281    0.000022432
    2.432432432    0.000175521    0.000175630    0.000022616
    2.447447447    0.000177907    0.000178017    0.000022801
    2.462462462    0.000180332    0.000180443    0.000022987
    2.477477477    0.000182798    0.000182909    0.000023173
    2.492492492    0.000185304    0.000185416    0.000023361
    2.507507508    0.000187851    0.000187964    0.000023551
    2.522522523    0.000190442    0.000190555    0.000023741
    2.537537538    0.000193076    0.000193190    0.000023932
    2.552552553    0.000195756    0.000195870    0.000024124
    2.567567568    0.000198481    0.000198595    0.000024318
    2.582582583    0.000201253    0.000201368    0.000024512
    2.597597598    0.000204074    0.000204189    0.000024708
    2.612612613    0.000206944    0.000207060    0.000024904
    2.627627628    0.000209865    0.000209981    0.000025102
    2.642642643    0.000212837    0.000212955    0.000025302
    2.657657658    0.000215864    0.000215981    0.000025502
    2.672672673    0.000218944    0.000219063    0.000025703
    2.687687688    0.000222081    0.000222200    0.000025906
    2.702702703    0.000225276    0.000225395    0.000026110
    2.717717718    0.000228529    0.000228649    0.000026315
    2.732732733    0.000231843    0.000231963    0.000026522
    2.747747748    0.000235219    0.000235340    0.000026730
    2.762762763    0.000238660    0.000238780    0.000026939
    2.777777778    0.000242165    0.000242286    0.000027149
    2.792792793    0.000245738    0.000245860    0.000027361
    2.807807808    0.000249380    0.000249502    0.000027574
    2.822822823    0.000253092    0.000253215    0.000027789
    2.837837838    0.000256878    0.000257001    0.000028005
    2.852852853    0.000260739    0.000260862    0.000028222
    2.867867868    0.000264676    0.000264800    0.000028441
    2.882882883    0.000268693    0.000268817    0.000028661
    2.897897898    0.000272791    0.000272915    0.000028883
    2.912912913    0.000276972    0.000277097    0.000029106
    2.927927928    0.000281240    0.000281365    0.000029330
    2.942942943    0.000285596    0.000285721    0.000029557
    2.957957958    0.000290043    0.000290168    0.000029784
    2.972972973    0.000294583    0.000294709    0.000030014
    2.987987988    0.000299220    0.000299346    0.000030245
    3.003003003    0.000303957    0.000304083    0.000030477
    3.018018018    0.000308795    0.000308921    0.000030711
    3.033033033    0.000313738    0.000313865    0.000030947
    3.048048048    0.000318790    0.000318917    0.000031185
    3.063063063    0.000323954    0.000324081    0.000031424
    3.078078078    0.000329232    0.000329359    0.000031665
    3.093093093    0.000334630    0.000334757    0.000031908
    3.108108108    0.000340149    0.000340276    0.000032152
    3.123123123    0.000345795    0.000345922    0.000032399
    3.138138138    0.000351570    0.000351697    0.000032647
    3.153153153    0.000357480    0.000357607    0.000032897
    3.168168168    0.000363528    0.000363655    0.000033149
    3.183183183    0.000369719    0.000369846    0.000033403
    3.198198198    0.000376057    0.000376184    0.000033659
    3.213213213    0.000382548    0.000382675    0.000033916
    3.228228228    0.000389197    0.000389323    0.000034176
    3.243243243    0.000396007    0.000396134    0.000034438
    3.258258258    0.000402986    0.000403113    0.000034702
    3.273273273    0.000410139    0.000410265    0.000034968
    3.288288288    0.000417471    0.000417597    0.000035236
    3.303303303    0.000424990    0.000425115    0.000035506
    3.318318318    0.000432700    0.000432825    0.000035779
    3.333333333    0.000440610    0.000440734    0.000036054
    3.348348348    0.000448725    0.000448849    0.000036331
    3.363363363    0.000457054    0.000457177    0.000036610
    3.378378378    0.000465604    0.000465727    0.000036891
    3.393393393    0.000474383    0.000474505    0.000037175
    3.408408408    0.000483399    0.000483520    0.000037462
    3.423423423    0.000492661    0.000492782    0.000037751
    3.438438438    0.000502179    0.000502299    0.000038042
    3.453453453    0.000511961    0.000512081    0.000038336
    3.468468468    0.000522018    0.000522137    0.000038632
    3.483483483    0.000532361    0.000532479    0.000038932
    3.498498498    0.000543000    0.000543117    0.000039233
    3.513513514    0.000553948    0.000554063    0.000039538
    3.528528529    0.000565215    0.000565330    0.000039845
    3.543543544    0.000576815    0.000576929    0.000040155
    3.558558559    0.000588762    0.000588874    0.000040468
    3.573573574    0.000601069    0.000601179    0.000040783
    3.588588589    0.000613751    0.000613860    0.000041102
    3.603603604    0.000626823    0.000626931    0.000041424
    3.618618619    0.000640303    0.000640409    0.000041748
    3.633633634    0.000654206    0.000654311    0.000042076
    3.648648649    0.000668552    0.000668655    0.000042407
    3.663663664    0.000683360    0.000683461    0.000042741
    3.678678679    0.000698649    0.000698747    0.000043079
    3.693693694    0.000714441    0.000714537    0.000043419
    3.708708709    0.000730758    0.000730852    0.000043763
    3.723723724    0.000747623    0.000747715    0.000044111
    3.738738739    0.000765063    0.000765153    0.000044462
    3.753753754    0.000783104    0.000783191    0.000044817
    3.768768769    0.000801773    0.000801857    0.000045175
    3.783783784    0.000821100    0.000821181    0.000045537
    3.798798799    0.000841117    0.000841195    0.000045903
    3.813813814    0.000861858    0.000861932    0.000046273
    3.828828829    0.000883356    0.000883428    0.000046646
    3.843843844    0.000905651    0.000905719    0.000047024
    3.858858859    0.000928783    0.000928846    0.000047406
    3.873873874    0.000952792    0.000952852    0.000047791
    3.888888889    0.000977726    0.000977782    0.000048182
    3.903903904    0.001003632    0.001003683    0.000048576
    3.918918919    0.001030562    0.001030608    0.000048975
    3.933933934    0.001058569    0.001058611    0.000049379
    3.948948949    0.001087714    0.001087750    0.000049787
    3.963963964    0.001118058    0.001118089    0.000050200
    3.978978979    0.001149669    0.001149693    0.000050617
    3.993993994    0.001182617    0.001182636    0.000051040
    4.009009009    0.001216980    0.001216993    0.000051468
    4.024024024    0.001252841    0.001252846    0.000051901
    4.039039039    0.001290287    0.001290285    0.000052339
    4.054054054    0.001329414    0.001329404    0.000052782
    4.069069069    0.001370324    0.001370306    0.000053231
    4.084084084    0.001413127    0.001413101    0.000053686
    4.099099099    0.001457942    0.001457907    0.000054146
    4.114114114    0.001504897    0.001504853    0.000054613
    4.129129129    0.001554132    0.001554078    0.000055085
    4.144144144    0.001605795    0.001605731    0.000055564
    4.159159159    0.001660051    0.001659975    0.000056049
    4.174174174    0.001717074    0.001716987    0.000056540
    4.189189189    0.001777058    0.001776958    0.000057038
    4.204204204    0.001840210    0.001840097    0.000057543
    4.219219219    0.001906758    0.001906631    0.000058055
    4.234234234    0.001976950    0.001976808    0.000058574
    4.249249249    0.002051056    0.002050899    0.000059101
    4.264264264    0.002129375    0.002129200    0.000059635
    4.279279279    0.002212229    0.002212037    0.000060177
    4.294294294    0.002299978    0.002299767    0.000060727
    4.309309309    0.002393015    0.002392783    0.000061285
    4.324324324    0.002491771    0.002491518    0.000061851
    4.339339339    0.002596727    0.002596450    0.000062427
    4.354354354    0.002708410    0.002708110    0.000063011
    4.369369369    0.002827410    0.002827083    0.000063604
    4.384384384    0.002954378    0.002954023    0.000064207
    4.399399399    0.003090040    0.003089656    0.000064819
    4.414414414    0.003235210    0.003234793    0.000065442
    4.429429429    0.003390794    0.003390342    0.000066075
    4.444444444    0.003557811    0.003557323    0.000066719
    4.459459459    0.003737409    0.003736881    0.000067373
    4.474474474    0.003930880    0.003930309    0.000068039
    4.489489489    0.004139688    0.004139071    0.000068717
    4.504504505    0.004365495    0.004364828    0.000069407
    4.519519520    0.004610192    0.004609471    0.000070109
    4.534534535    0.004875941    0.004875162    0.000070825
    4.549549550    0.005165221    0.005164378    0.000071554
    4.564564565    0.005480885    0.005479972    0.000072296
    4.579579580    0.005826230    0.005825243    0.000073053
    4.594594595    0.006205084    0.006204015    0.000073825
    4.609609610    0.006621910    0.006620751    0.000074613
    4.624624625    0.007081933    0.007080675    0.000075416
    4.639639640    0.007591306    0.007589941    0.000076236
    4.654654655    0.008157312    0.008155828    0.000077074
    4.669669670    0.008788621    0.008787006    0.000077929
    4.684684685    0.009495615    0.009493855    0.000078804
    4.699699700    0.010290810    0.010288891    0.000079697
    4.714714715    0.011189403    0.011187305    0.000080612
    4.729729730    0.012209977    0.012207681    0.000081547
    4.744744745    0.013375449    0.013372933    0.000082504
    4.759759760    0.014714325    0.014711562    0.000083485
    4.774774775    0.016262394    0.016259355    0.000084490
    4.789789790    0.018065058    0.018061710    0.000085520
    4.804804805    0.020180550    0.020176856    0.000086577
    4.819819820    0.022684467    0.022680387    0.000087662
    4.834834835    0.025676242    0.025671733    0.000088775
    4.849849850    0.029288541    0.029283559    0.000089920
    4.864864865    0.033701143    0.033695649    0.000091097
    4.879879880    0.039161818    0.039155785    0.000092308
    4.894894895    0.046018309    0.046011741    0.000093555
    4.909909910    0.054768220    0.054761179    0.000094841
    4.924924925    0.066138021    0.066130680    0.000096166
    4.939939940    0.081209339    0.081202058    0.000097534
    4.954954955    0.101619575    0.101612963    0.000098948
    4.969969970    0.129866839    0.129861609    0.000100409
    4.984984985    0.169705256    0.169700999    0.000101922
    5.000000000    0.226359471    0.226349686    0.000103490
    5.015015015    0.305275330    0.305235006    0.000105116
    5.030030030    0.405442668    0.405322227    0.000106805
    5.045045045    0.502568691    0.502347907    0.000108561
    5.060060060    0.541791005    0.541547670    0.000110389
    5.075075075    0.491554120    0.491372871    0.000112297
    5.090090090    0.391277217    0.391161023    0.000114288
    5.105105105    0.293267620    0.293190483    0.000116372
    5.120120120    0.217545919    0.217490747    0.000118557
    5.135135135    0.163496064    0.163454460    0.000120851
    5.150150150    0.125490646    0.125458235    0.000123265
    5.165165165    0.098485091    0.098459275    0.000125812
    5.180180180    0.078916356    0.078895436    0.000128506
    5.195195195    0.064423945    0.064406749    0.000131362
    5.210210210    0.053460474    0.053446162    0.000134401
    5.225225225    0.045001839    0.044989799    0.000137644
    5.240240240    0.038358456    0.038348229    0.000141118
    5.255255255    0.033056704    0.033047945    0.000144856
    5.270270270    0.028764716    0.028757158    0.000148894
    5.285285285    0.025245434    0.025238871    0.000153280
    5.300300300    0.022326450    0.022320718    0.000158071
    5.315315315    0.019880256    0.019875226    0.000163338
    5.330330330    0.017811099    0.017806665    0.000169169
    5.345345345    0.016046042    0.016042120    0.000175677
    5.360360360    0.014528808    0.014525329    0.000183008
    5.375375375    0.013215455    0.013212361    0.000191351
    5.390390390    0.012071290    0.012068533    0.000200957
    5.405405405    0.011068649    0.011066187    0.000212167
    5.420420420    0.010185262    0.010183063    0.000225446
    5.435435435    0.009403049    0.009401083    0.000241448
    5.450450450    0.008707214    0.008705457    0.000261107
    5.465465465    0.008085555    0.008083985    0.000285788
    5.480480480    0.007527942    0.007526541    0.000317521
    5.495495495    0.007025910    0.007024662    0.000359385
    5.510510511    0.006572341    0.006571233    0.000416064
    5.525525526    0.006161219    0.006160237    0.000494528
    5.540540541    0.005787427    0.005786562    0.000604180
    5.555555556    0.005446597    0.005445839    0.000753585
    5.570570571    0.005134978    0.005134319    0.000935841
    5.585585586    0.004849338    0.004848770    0.001097552
    5.600600601    0.004586876    0.004586393    0.001141609
    5.615615616    0.004345159    0.004344756    0.001037659
    5.630630631    0.004122066    0.004121736    0.000869073
    5.645645646    0.003915737    0.003915477    0.000716407
    5.660660661    0.003724540    0.003724345    0.000604178
    5.675675676    0.003547035    0.003546901    0.000528199
    5.690690691    0.003381951    0.003381875    0.000478752
    5.705705706    0.003228158    0.003228137    0.000447804
    5.720720721    0.003084654    0.003084685    0.000429849
    5.735735736    0.002950545    0.002950626    0.000421330
    5.750750751    0.002825031    0.002825159    0.000419999
    5.765765766    0.002707396    0.002707570    0.000424466
    5.780780781    0.002596997    0.002597214    0.000433910
    5.795795796    0.002493255    0.002493514    0.000447904
    5.810810811    0.002395647    0.002395947    0.000466317
    5.825825826    0.002303702    0.002304041    0.000489252
    5.840840841    0.002216993    0.002217369    0.000517030
    5.855855856    0.002135130    0.002135544    0.000550181
    5.870870871    0.002057763    0.002058212    0.000589474
    5.885885886    0.001984568    0.001985053    0.000635953
    5.900900901    0.001915255    0.001915774    0.000691010
    5.915915916    0.001849554    0.001850106    0.000756489
    5.930930931    0.001787221    0.001787807    0.000834832
    5.945945946    0.001728032    0.001728650    0.000929303
    5.960960961    0.001671780    0.001672430    0.001044315
    5.975975976    0.001618276    0.001618957    0.001185915
    5.990990991    0.001567345    0.001568058    0.001362525
    6.006006006    0.001518827    0.001519571    0.001586088
    6.021021021    0.001472573    0.001473348    0.001873875
    6.036036036    0.001428447    0.001429252    0.002251351
    6.051051051    0.001386321    0.001387157    0.002756775
    6.066066066    0.001346079    0.001346945    0.003448378
    6.081081081    0.001307610    0.001308507    0.004414732
    6.096096096    0.001270815    0.001271742    0.005785593
    6.111111111    0.001235598    0.001236556    0.007725427
    6.126126126    0.001201873    0.001202862    0.010341066
    6.141141141    0.001169558    0.001170579    0.013347105
    6.156156156    0.001138578    0.001139630    0.015550526
    6.171171171    0.001108861    0.001109945    0.015400580
    6.186186186    0.001080341    0.001081457    0.013034933
    6.201201201    0.001052957    0.001054106    0.010067485
    6.216216216    0.001026651    0.001027833    0.007572642
    6.231231231    0.001001369    0.001002584    0.005756780
    6.246246246    0.000977060    0.000978309    0.004480550
    6.261261261    0.000953677    0.000954961    0.003559975
    6.276276276    0.000931175    0.000932494    0.002868950
    6.291291291    0.000909512    0.000910867    0.002344356
    6.306306306    0.000888649    0.000890040    0.001947129
    6.321321321    0.000868548    0.000869978    0.001644814
    6.336336336    0.000849176    0.000850644    0.001411726
    6.351351351    0.000830499    0.000832006    0.001229157
    6.366366366    0.000812486    0.000814034    0.001083918
    6.381381381    0.000795109    0.000796698    0.000966719
    6.396396396    0.000778340    0.000779972    0.000870942
    6.411411411    0.000762153    0.000763828    0.000791795
    6.426426426    0.000746523    0.000748244    0.000725746
    6.441441441    0.000731429    0.000733196    0.000670154
    6.456456456    0.000716847    0.000718662    0.000623009
    6.471471471    0.000702757    0.000704621    0.000582767
    6.486486486    0.000689140    0.000691056    0.000548220
    6.501501502    0.000675978    0.000677946    0.000518418
    6.516516517    0.000663253    0.000665275    0.000492603
    6.531531532    0.000650949    0.000653027    0.000470167
    6.546546547    0.000639050    0.000641187    0.000450617
    6.561561562    0.000627541    0.000629739    0.000433549
    6.576576577    0.000616409    0.000618670    0.000418633
    6.591591592    0.000605640    0.000607966    0.000405595
    6.606606607    0.000595223    0.000597617    0.000394208
    6.621621622    0.000585145    0.000587610    0.000384284
    6.636636637    0.000575396    0.000577934    0.000375666
    6.651651652    0.000565965    0.000568579    0.000368221
    6.666666667    0.000556841    0.000559536    0.000361842
    6.681681682    0.000548017    0.000550795    0.000356439
    6.696696697    0.000539483    0.000542349    0.000351936
    6.711711712    0.000531232    0.000534188    0.000348278
    6.726726727    0.000523255    0.000526306    0.000345416
    6.741741742    0.000515545    0.000518697    0.000343320
    6.756756757    0.000508097    0.000511353    0.000341969
    6.771771772    0.000500903    0.000504269    0.000341356
    6.786786787    0.000493959    0.000497440    0.000341484
    6.801801802    0.000487258    0.000490861    0.000342375
    6.816816817    0.000480797    0.000484528    0.000344064
    6.831831832    0.000474572    0.000478436    0.000346606
    6.846846847    0.000468578    0.000472584    0.000350082
    6.861861862    0.000462813    0.000466968    0.000354599
    6.876876877    0.000457273    0.000461586    0.000360304
    6.891891892    0.000451957    0.000456437    0.000367394
    6.906906907    0.000446863    0.000451519    0.000376134
    6.921921922    0.000441990    0.000446833    0.000386879
    6.936936937    0.000437337    0.000442379    0.000400116
    6.951951952    0.000432905    0.000438158    0.000416513
    6.966966967    0.000428694    0.000434171    0.000437005
    6.981981982    0.000424706    0.000430421    0.000462923
    6.996996997    0.000420943    0.000426913    0.000496196
    7.012012012    0.000417408    0.000423650    0.000539672
    7.027027027    0.000414106    0.000420637    0.000597635
    7.042042042    0.000411041    0.000417883    0.000676612
    7.057057057    0.000408220    0.000415395    0.000786529
    7.072072072    0.000405649    0.000413182    0.000941905
    7.087087087    0.000403338    0.000411256    0.001161025
    7.102102102    0.000401298    0.000409629    0.001455261
    7.117117117    0.000399539    0.000408318    0.001791038
    7.132132132    0.000398078    0.000407340    0.002033124
    7.147147147    0.000396929    0.000406715    0.002010866
    7.162162162    0.000396113    0.000406468    0.001745209
    7.177177177    0.000395652    0.000406625    0.001416050
    7.192192192    0.000395573    0.000407219    0.001139976
    7.207207207    0.000395904    0.000408287    0.000938734
    7.222222222    0.000396683    0.000409872    0.000798125
    7.237237237    0.000397950    0.000412025    0.000700188
    7.252252252    0.000399753    0.000414804    0.000631227
    7.267267267    0.000402151    0.000418278    0.000581980
    7.282282282    0.000405210    0.000422529    0.000546370
    7.297297297    0.000409009    0.000427654    0.000520401
    7.312312312    0.000413644    0.000433768    0.000501409
    7.327327327    0.000419229    0.000441007    0.000487584
    7.342342342    0.000425899    0.000449537    0.000477671
    7.357357357    0.000433822    0.000459559    0.000470785
    7.372372372    0.000443199    0.000471315    0.000466291
    7.387387387    0.000454279    0.000485107    0.000463725
    7.402402402    0.000467371    0.000501304    0.000462743
    7.417417417    0.000482860    0.000520373    0.000463090
    7.432432432    0.000501233    0.000542897    0.000464572
    7.447447447    0.000523114    0.000569626    0.000467042
    7.462462462    0.000549307    0.000601522    0.000470388
    7.477477477    0.000580865    0.000639848    0.000474525
    7.492492492    0.000619184    0.000686273    0.000479389
    7.507507508    0.000666148    0.000743046    0.000484932
    7.522522523    0.000724334    0.000813238    0.000491120
    7.537537538    0.000797340    0.000901128    0.000497930
    7.552552553    0.000890276    0.001012784    0.000505347
    7.567567568    0.001010556    0.001156987    0.000513364
    7.582582583    0.001169147    0.001346702    0.000521983
    7.597597598    0.001382561    0.001601414    0.000531211
    7.612612613    0.001675930    0.001950748    0.000541062
    7.627627628    0.002087193    0.002439483    0.000551553
    7.642642643    0.002670457    0.003131926    0.000562710
    7.657657658    0.003488222    0.004104487    0.000574564
    7.672672673    0.004558258    0.005388470    0.000587151
    7.687687688    0.005702139    0.006800008    0.000600516
    7.702702703    0.006418481    0.007775022    0.000614708
    7.717717718    0.006255968    0.007736974    0.000629786
    7.732732733    0.005363197    0.006749115    0.000645817
    7.747747748    0.004241750    0.005375022    0.000662880
    7.762762763    0.003257299    0.004115236    0.000681062
    7.777777778    0.002517264    0.003151549    0.000700466
    7.792792793    0.001991431    0.002462941    0.000721211
    7.807807808    0.001621120    0.001977454    0.000743430
    7.822822823    0.001357616    0.001631934    0.000767282
    7.837837838    0.001167054    0.001381799    0.000792948
    7.852852853    0.001027035    0.001197445    0.000820642
    7.867867868    0.000922848    0.001059411    0.000850611
    7.882882883    0.000844741    0.000954803    0.000883150
    7.897897898    0.000786164    0.000874952    0.000918606
    7.912912913    0.000742666    0.000813943    0.000957393
    7.927927928    0.000711204    0.000767694    0.001000006
    7.942942943    0.000689711    0.000733380    0.001047045
    7.957957958    0.000676820    0.000709060    0.001099240
    7.972972973    0.000671698    0.000693444    0.001157486
    7.987987988    0.000673942    0.000685751    0.001222891
    8.003003003    0.000683531    0.000685625    0.001296841
    8.018018018    0.000700817    0.000693093    0.001381086
    8.033033033    0.000726554    0.000708579    0.001477859
    8.048048048    0.000761970    0.000732938    0.001590051
    8.063063063    0.000808896    0.000767561    0.001721447
    8.078078078    0.000869972    0.000814531    0.001877077
    8.093093093    0.000948969    0.000876887    0.002063731
    8.108108108    0.001051291    0.000959032    0.002290732
    8.123123123    0.001184774    0.001067389    0.002571113
    8.138138138    0.001360946    0.001211435    0.002923451
    8.153153153    0.001597057    0.001405372    0.003374771
    8.168168168    0.001919278    0.001670759    0.003965168
    8.183183183    0.002367501    0.002040450    0.004755190
    8.198198198    0.003001233    0.002563400    0.005837166
    8.213213213    0.003901195    0.003305829    0.007350505
    8.228228228    0.005143045    0.004329099    0.009492950
    8.243243243    0.006676600    0.005589554    0.012486773
    8.258258258    0.008063579    0.006725042    0.016363672
    8.273273273    0.008484902    0.007073459    0.020356274
    8.288288288    0.007668553    0.006436152    0.022420574
    8.303303303    0.006326365    0.005405242    0.020968014
    8.318318318    0.005167357    0.004554043    0.017198391
    8.333333333    0.004402133    0.004045564    0.013283171
    8.348348348    0.003922860    0.003764344    0.010201346
    8.363363363    0.003491791    0.003458860    0.008001342
    8.378378378    0.002965341    0.002979547    0.006469820
    8.393393393    0.002414387    0.002426627    0.005400367
    8.408408408    0.001946444    0.001943280    0.004644464
    8.423423423    0.001589675    0.001573680    0.004103340
    8.438438438    0.001326357    0.001302817    0.003712386
    8.453453453    0.001131403    0.001104393    0.003429066
    8.468468468    0.000984701    0.000956763    0.003224975
    8.483483483    0.000872144    0.000844720    0.003080827
    8.498498498    0.000784154    0.000758002    0.002983333
    8.513513514    0.000714210    0.000689685    0.002923230
    8.528528529    0.000657803    0.000635031    0.002894025
    8.543543544    0.000611757    0.000590737    0.002891181
    8.558558559    0.000573787    0.000554449    0.002911581
    8.573573574    0.000542218    0.000524460    0.002953179
    8.588588589    0.000515802    0.000499506    0.003014769
    8.603603604    0.000493592    0.000478641    0.003095836
    8.618618619    0.000474862    0.000461140    0.003196469
    8.633633634    0.000459046    0.000446445    0.003317321
    8.648648649    0.000445700    0.000434119    0.003459607
    8.663663664    0.000434472    0.000423819    0.003625145
    8.678678679    0.000425078    0.000415271    0.003816436
    8.693693694    0.000417292    0.000408254    0.004036794
    8.708708709    0.000410929    0.000402594    0.004290555
    8.723723724    0.000405841    0.000398147    0.004583369
    8.738738739    0.000401907    0.000394798    0.004922660
    8.753753754    0.000399027    0.000392456    0.005318280
    8.768768769    0.000397124    0.000391045    0.005783477
    8.783783784    0.000396134    0.000390507    0.006336163
    8.798798799    0.000396007    0.000390796    0.007000008
    8.813813814    0.000396705    0.000391878    0.007803051
    8.828828829    0.000398200    0.000393729    0.008767215
    8.843843844    0.000400473    0.000396331    0.009885064
    8.858858859    0.000403515    0.000399679    0.011128273
    8.873873874    0.000407322    0.000403770    0.012549535
    8.888888889    0.000411899    0.000408614    0.014325791
    8.903903904    0.000417258    0.000414223    0.016650385
    8.918918919    0.000423417    0.000420617    0.019629464
    8.933933934    0.000430402    0.000427825    0.023152998
    8.948948949    0.000438247    0.000435882    0.026888001
    8.963963964    0.000446991    0.000444828    0.030875289
    8.978978979    0.000456684    0.000454716    0.035999328
    8.993993994    0.000467383    0.000465604    0.043481058
    9.009009009    0.000479154    0.000477561    0.054600158
    9.024024024    0.000492075    0.000490666    0.070914323
    9.039039039    0.000506236    0.000505011    0.094150075
    9.054054054    0.000521740    0.000520700    0.124585645
    9.069069069    0.000538703    0.000537854    0.156270062
    9.084084084    0.000557263    0.000556610    0.173022402
    9.099099099    0.000577572    0.000577127    0.161747391
    9.114114114    0.000599811    0.000599586    0.131526769
    9.129129129    0.000624184    0.000624197    0.099816576
    9.144144144    0.000650929    0.000651201    0.074698347
    9.159159159    0.000680320    0.000680878    0.056662743
    9.174174174    0.000712675    0.000713552    0.044015248
    9.189189189    0.000748366    0.000749604    0.035092689
    9.204204204    0.000787828    0.000789475    0.028693815
    9.219219219    0.000831570    0.000833689    0.024018596
    9.234234234    0.000880198    0.000882863    0.020543205
    9.249249249    0.000934427    0.000937730    0.017922479
    9.264264264    0.000995114    0.000999166    0.015925563
    9.279279279    0.001063288    0.001068227    0.014395402
    9.294294294    0.001140194    0.001146191    0.013223430
    9.309309309    0.001227349    0.001234616    0.012333635
    9.324324324    0.001326615    0.001335418    0.011672419
    9.339339339    0.001440301    0.001450973    0.011202035
    9.354354354    0.001571288    0.001584256    0.010896332
    9.369369369    0.001723216    0.001739024    0.010737981
    9.384384384    0.001900725    0.001920078    0.010716719
    9.399399399    0.002109803    0.002133624    0.010828310
    9.414414414    0.002358277    0.002387788    0.011074071
    9.429429429    0.002656514    0.002693355    0.011460872
    9.444444444    0.003018455    0.003064861    0.012001611
    9.459459459    0.003463157    0.003522223    0.012716224
    9.474474474    0.004017130    0.004093217    0.013633357
    9.489489489    0.004717955    0.004817324    0.014792957
    9.504504505    0.005619976    0.005751796    0.016250171
    9.519519520    0.006803369    0.006981326    0.018081221
    9.534534535    0.008388636    0.008633488    0.020392297
    9.549549550    0.010559253    0.010902717    0.023333233
    9.564564565    0.013594138    0.014083903    0.027118834
    9.579579580    0.017900760    0.018603072    0.032062634
    9.594594595    0.023990312    0.024973286    0.038630848
    9.609609610    0.032172837    0.033417795    0.047528352
    9.624624625    0.041481119    0.042658435    0.059830860
    9.639639640    0.048096385    0.048485846    0.077163370
    9.654654655    0.047283134    0.046548373    0.101831920
    9.669669670    0.039724018    0.038447786    0.136431335
    9.684684685    0.030456246    0.029262760    0.181341939
    9.699699700    0.022691148    0.021777652    0.227637042
    9.714714715    0.017010231    0.016350360    0.251481934
    9.729729730    0.013011406    0.012534289    0.234281457
    9.744744745    0.010194188    0.009840193    0.189975750
    9.759759760    0.008178079    0.007905694    0.143927572
    9.774774775    0.006706076    0.006487751    0.107600359
    9.789789790    0.005609595    0.005427054    0.081576353
    9.804804805    0.004777832    0.004618708    0.063371719
    9.819819820    0.004136948    0.003992600    0.050582171
    9.834834835    0.003636848    0.003500995    0.041481593
    9.849849850    0.003242932    0.003110776    0.034928666
    9.864864865    0.002930908    0.002798569    0.030186386
    9.879879880    0.002683499    0.002547628    0.026783361
    9.894894895    0.002488315    0.002345820    0.024424584
    9.909909910    0.002336477    0.002184303    0.022938718
    9.924924925    0.002221699    0.002056643    0.022250688
    9.939939940    0.002139708    0.001958234    0.022373287
    9.954954955    0.002087872    0.001885907    0.023415810
    9.969969970    0.002065005    0.001837704    0.025610469
    9.984984985    0.002071317    0.001812747    0.029354804
   10.000000000    0.002108494    0.001811225    0.035244036
   10.015015015    0.002179953    0.001834477    0.043963906
   10.030030030    0.002291304    0.001885209    0.055613322
   10.045045045    0.002451123    0.001967877    0.067773203
   10.060060060    0.002672206    0.002089335    0.073930049
   10.075075075    0.002973573    0.002259871    0.068895041
   10.090090090    0.003383687    0.002494878    0.056383065
   10.105105105    0.003945550    0.002817494    0.043362404
   10.120120120    0.004724417    0.003262650    0.033020406
   10.135135135    0.005817699    0.003882489    0.025531315
   10.150150150    0.007360055    0.004750423    0.020210902
   10.165165165    0.009491246    0.005949928    0.016392065
   10.180180180    0.012190084    0.007504011    0.013593138
   10.195195195    0.014880998    0.009189607    0.011492764
   10.210210210    0.016353437    0.010449691    0.009879830
   10.225225225    0.016114986    0.011004383    0.008614529
   10.240240240    0.015305906    0.011436931    0.007602671
   10.255255255    0.015236706    0.012517685    0.006779502
   10.270270270    0.016345438    0.014484277    0.006099567
   10.285285285    0.018079791    0.016697633    0.005530313
   10.300300300    0.018842531    0.017545923    0.005047979
   10.315315315    0.017271147    0.015939242    0.004634913
   10.330330330    0.014066849    0.012860060    0.004277790
   10.345345345    0.010797720    0.009830516    0.003966395
   10.360360360    0.008203879    0.007472309    0.003692793
   10.375375375    0.006320392    0.005778726    0.003450738
   10.390390390    0.004977737    0.004581837    0.003235260
   10.405405405    0.004011149    0.003728061    0.003042359
   10.420420420    0.003301311    0.003108145    0.002868784
   10.435435435    0.002768261    0.002649447    0.002711868
   10.450450450    0.002359193    0.002304262    0.002569406
   10.465465465    0.002038945    0.002041020    0.002439562
   10.480480480    0.001783693    0.001838530    0.002320791
   10.495495495    0.001576968    0.001682361    0.002211788
   10.510510511    0.001407154    0.001562584    0.002111444
   10.525525526    0.001265893    0.001472351    0.002018808
   10.540540541    0.001147063    0.001407004    0.001933064
   10.555555556    0.001046101    0.001363510    0.001853503
   10.570570571    0.000959558    0.001340128    0.001779513
   10.585585586    0.000884789    0.001336225    0.001710555
   10.600600601    0.000819740    0.001352223    0.001646160
   10.615615616    0.000762802    0.001389662    0.001585914
   10.630630631    0.000712703    0.001451396    0.001529450
   10.645645646    0.000668434    0.001541950    0.001476445
   10.660660661    0.000629192    0.001668124    0.001426608
   10.675675676    0.000594349    0.001839959    0.001379683
   10.690690691    0.000563422    0.002072283    0.001335439
   10.705705706    0.000536067    0.002387196    0.001293668
   10.720720721    0.000512081    0.002818058    0.001254184
   10.735735736    0.000491426    0.003415792    0.001216818
   10.750750751    0.000474270    0.004258208    0.001181417
   10.765765766    0.000461038    0.005460834    0.001147845
   10.780780781    0.000452397    0.007176733    0.001115974
   10.795795796    0.000448862    0.009533164    0.001085691
   10.810810811    0.000449227    0.012368629    0.001056890
   10.825825826    0.000447715    0.014726742    0.001029477
   10.840840841    0.000435518    0.015051073    0.001003363
   10.855855856    0.000411579    0.013062810    0.000978469
   10.870870871    0.000384123    0.010194634    0.000954720
   10.885885886    0.000359642    0.007650873    0.000932049
   10.900900901    0.000339651    0.005750745    0.000910392
   10.915915916    0.000323311    0.004404523    0.000889692
   10.930930931    0.000309277    0.003454496    0.000869895
   10.945945946    0.000296674    0.002773893    0.000850951
   10.960960961    0.000285329    0.002275889    0.000832815
   10.975975976    0.000275219    0.001903381    0.000815443
   10.990990991    0.000266204    0.001618837    0.000798797
   11.006006006    0.000258095    0.001397275    0.000782838
   11.021021021    0.000250730    0.001221780    0.000767533
   11.036036036    0.000243986    0.001080688    0.000752849
   11.051051051    0.000237773    0.000965818    0.000738757
   11.066066066    0.000232022    0.000871358    0.000725228
   11.081081081    0.000226685    0.000793161    0.000712236
   11.096096096    0.000221724    0.000728296    0.000699757
   11.111111111    0.000217112    0.000674782    0.000687767
   11.126126126    0.000212833    0.000631409    0.000676246
   11.141141141    0.000208876    0.000597498    0.000665173
   11.156156156    0.000205225    0.000572149    0.000654529
   11.171171171    0.000201828    0.000552213    0.000644296
   11.186186186    0.000198567    0.000530292    0.000634458
   11.201201201    0.000195333    0.000499725    0.000624998
   11.216216216    0.000192167    0.000463282    0.000615902
   11.231231231    0.000189180    0.000428163    0.000607157
   11.246246246    0.000186422    0.000397839    0.000598748
   11.261261261    0.000183892    0.000372385    0.000590664
   11.276276276    0.000181574    0.000350853    0.000582893
   11.291291291    0.000179451    0.000332309    0.000575424
   11.306306306    0.000177511    0.000316065    0.000568246
   11.321321321    0.000175745    0.000301650    0.000561351
   11.336336336    0.000174147    0.000288727    0.000554728
   11.351351351    0.000172712    0.000277042    0.000548369
   11.366366366    0.000171439    0.000266401    0.000542266
   11.381381381    0.000170326    0.000256656    0.000536411
   11.396396396    0.000169372    0.000247689    0.000530797
   11.411411411    0.000168578    0.000239403    0.000525417
   11.426426426    0.000167946    0.000231723    0.000520265
   11.441441441    0.000167479    0.000224582    0.000515334
   11.456456456    0.000167179    0.000217927    0.000510620
   11.471471471    0.000167051    0.000211710    0.000506116
   11.486486486    0.000167101    0.000205892    0.000501818
   11.501501502    0.000167335    0.000200436    0.000497720
   11.516516517    0.000167761    0.000195314    0.000493819
   11.531531532    0.000168388    0.000190497    0.000490111
   11.546546547    0.000169226    0.000185962    0.000486591
   11.561561562    0.000170288    0.000181688    0.000483257
   11.576576577    0.000171586    0.000177656    0.000480104
   11.591591592    0.000173138    0.000173849    0.000477131
   11.606606607    0.000174961    0.000170253    0.000474333
   11.621621622    0.000177076    0.000166853    0.000471709
   11.636636637    0.000179506    0.000163638    0.000469257
   11.651651652    0.000182279    0.000160596    0.000466973
   11.666666667    0.000185425    0.000157719    0.000464855
   11.681681682    0.000188980    0.000154996    0.000462903
   11.696696697    0.000192985    0.000152420    0.000461115
   11.711711712    0.000197487    0.000149984    0.000459489
   11.726726727    0.000202541    0.000147681    0.000458026
   11.741741742    0.000208209    0.000145505    0.000456724
   11.756756757    0.000214565    0.000143451    0.000455583
   11.771771772    0.000221695    0.000141515    0.000454603
   11.786786787    0.000229698    0.000139691    0.000453782
   11.801801802    0.000238695    0.000137978    0.000453122
   11.816816817    0.000248824    0.000136370    0.000452623
   11.831831832    0.000260253    0.000134866    0.000452285
   11.846846847    0.000273183    0.000133464    0.000452109
   11.861861862    0.000287855    0.000132161    0.000452097
   11.876876877    0.000304561    0.000130955    0.000452250
   11.891891892    0.000323660    0.000129847    0.000452569
   11.906906907    0.000345592    0.000128835    0.000453058
   11.921921922    0.000370906    0.000127919    0.000453718
   11.936936937    0.000400289    0.000127099    0.000454553
   11.951951952    0.000434613    0.000126376    0.000455567
   11.966966967    0.000474994    0.000125752    0.000456764
   11.981981982    0.000522879    0.000125227    0.000458149
   11.996996997    0.000580167    0.000124806    0.000459731
   12.012012012    0.000649391    0.000124489    0.000461516
   12.027027027    0.000733972    0.000124283    0.000463515
   12.042042042    0.000838619    0.000124192    0.000465742
   12.057057057    0.000969925    0.000124222    0.000468215
   12.072072072    0.001137304    0.000124382    0.000470958
   12.087087087    0.001354466    0.000124683    0.000474005
   12.102102102    0.001641780    0.000125139    0.000477404
   12.117117117    0.002030031    0.000125771    0.000481226
   12.132132132    0.002566181    0.000126605    0.000485578
   12.147147147    0.003321079    0.000127679    0.000490617
   12.162162162    0.004394802    0.000129047    0.000496565
   12.177177177    0.005898007    0.000130763    0.000503659
   12.192192192    0.007838567    0.000132843    0.000511907
   12.207207207    0.009809464    0.000135125    0.000520407
   12.222222222    0.010769884    0.000137196    0.000526932
   12.237237237    0.009963000    0.000138783    0.000529971
   12.252252252    0.008035966    0.000140190    0.000530994
   12.267267267    0.006065560    0.000141881    0.000532265
   12.282282282    0.004518369    0.000144066    0.000534735
   12.297297297    0.003408994    0.000146785    0.000538427
   12.312312312    0.002629218    0.000150032    0.000543121
   12.327327327    0.002076447    0.000153816    0.000548614
   12.342342342    0.001677191    0.000158161    0.000554767
   12.357357357    0.001382597    0.000163116    0.000561491
   12.372372372    0.001160651    0.000168743    0.000568734
   12.387387387    0.000990206    0.000175128    0.000576468
   12.402402402    0.000857063    0.000182375    0.000584680
   12.417417417    0.000751502    0.000190611    0.000593369
   12.432432432    0.000666739    0.000199995    0.000602539
   12.447447447    0.000597951    0.000210717    0.000612202
   12.462462462    0.000541654    0.000223015    0.000622372
   12.477477477    0.000495293    0.000237183    0.000633067
   12.492492492    0.000456974    0.000253585    0.000644310
   12.507507508    0.000425283    0.000272682    0.000656125
   12.522522523    0.000399164    0.000295060    0.000668539
   12.537537538    0.000377829    0.000321474    0.000681582
   12.552552553    0.000360707    0.000352904    0.000695287
   12.567567568    0.000347405    0.000390643    0.000709690
   12.582582583    0.000337685    0.000436425    0.000724830
   12.597597598    0.000331457    0.000492603    0.000740749
   12.612612613    0.000328782    0.000562435    0.000757495
   12.627627628    0.000329898    0.000650507    0.000775118
   12.642642643    0.000335253    0.000763409    0.000793675
   12.657657658    0.000345584    0.000910800    0.000813227
   12.672672673    0.000362028    0.001107113    0.000833843
   12.687687688    0.000386305    0.001374253    0.000855600
   12.702702703    0.000420996    0.001745622    0.000878585
   12.717717718    0.000469911    0.002271017    0.000902896
   12.732732733    0.000538364    0.003017679    0.000928650
   12.747747748    0.000632466    0.004047058    0.000955986
   12.762762763    0.000754938    0.005310282    0.000985074
   12.777777778    0.000896064    0.006425304    0.001016130
   12.792792793    0.001036513    0.006694261    0.001049438
   12.807807808    0.001185119    0.005896098    0.001085375
   12.822822823    0.001393691    0.004628532    0.001124424
   12.837837838    0.001712494    0.003470572    0.001167082
   12.852852853    0.002140126    0.002598135    0.001213389
   12.867867868    0.002551764    0.001979922    0.001261806
   12.882882883    0.002684852    0.001543937    0.001308947
   12.897897898    0.002410382    0.001230912    0.001353328
   12.912912913    0.001925873    0.001001470    0.001397986
   12.927927928    0.001465790    0.000830235    0.001446452
   12.942942943    0.001112999    0.000700149    0.001500183
   12.957957958    0.000860858    0.000599533    0.001559440
   12.972972973    0.000682600    0.000520368    0.001624250
   12.987987988    0.000554968    0.000457098    0.001694734
   13.003003003    0.000461653    0.000405812    0.001771166
   13.018018018    0.000391857    0.000363716    0.001853955
   13.033033033    0.000338492    0.000328772    0.001943637
   13.048048048    0.000296851    0.000299473    0.002040861
   13.063063063    0.000263755    0.000274686    0.002146400
   13.078078078    0.000237012    0.000253548    0.002261151
   13.093093093    0.000215080    0.000235391    0.002386158
   13.108108108    0.000196855    0.000219695    0.002522629
   13.123123123    0.000181529    0.000206049    0.002671966
   13.138138138    0.000168502    0.000194122    0.002835797
   13.153153153    0.000157323    0.000183653    0.003016021
   13.168168168    0.000147646    0.000174425    0.003214863
   13.183183183    0.000139202    0.000166264    0.003434939
   13.198198198    0.000131783    0.000159026    0.003679343
   13.213213213    0.000125221    0.000152589    0.003951750
   13.228228228    0.000119384    0.000146856    0.004256557
   13.243243243    0.000114163    0.000141742    0.004599055
   13.258258258    0.000109471    0.000137177    0.004985650
   13.273273273    0.000105234    0.000133103    0.005424164
   13.288288288    0.000101395    0.000129468    0.005924217
   13.303303303    0.000097902    0.000126230    0.006497742
   13.318318318    0.000094715    0.000123354    0.007159679
   13.333333333    0.000091797    0.000120808    0.007928922
   13.348348348    0.000089119    0.000118568    0.008829622
   13.363363363    0.000086656    0.000116609    0.009893014
   13.378378378    0.000084386    0.000114915    0.011160016
   13.393393393    0.000082290    0.000113471    0.012684981
   13.408408408    0.000080352    0.000112263    0.014541212
   13.423423423    0.000078559    0.000111281    0.016829210
   13.438438438    0.000076898    0.000110519    0.019689237
   13.453453453    0.000075360    0.000109970    0.023320818
   13.468468468    0.000073936    0.000109631    0.028013492
   13.483483483    0.000072617    0.000109500    0.034195882
   13.498498498    0.000071398    0.000109578    0.042513993
   13.513513514    0.000070273    0.000109867    0.053952625
   13.528528529    0.000069237    0.000110372    0.070004373
   13.543543544    0.000068287    0.000111098    0.092819068
   13.558558559    0.000067420    0.000112054    0.124956689
   13.573573574    0.000066634    0.000113251    0.167409848
   13.588588589    0.000065927    0.000114703    0.213391308
   13.603603604    0.000065298    0.000116426    0.241439852
   13.618618619    0.000064747    0.000118439    0.230395940
   13.633633634    0.000064276    0.000120766    0.189328435
   13.648648649    0.000063886    0.000123434    0.143555893
   13.663663664    0.000063579    0.000126475    0.106473247
   13.678678679    0.000063358    0.000129928    0.079622811
   13.693693694    0.000063229    0.000133837    0.060730139
   13.708708709    0.000063197    0.000138256    0.047366876
   13.723723724    0.000063269    0.000143246    0.037744333
   13.738738739    0.000063454    0.000148881    0.030664435
   13.753753754    0.000063764    0.000155250    0.025341679
   13.768768769    0.000064212    0.000162458    0.021258291
   13.783783784    0.000064815    0.000170630    0.018067575
   13.798798799    0.000065592    0.000179919    0.015532842
   13.813813814    0.000066570    0.000190511    0.013489228
   13.828828829    0.000067778    0.000202633    0.011819632
   13.843843844    0.000069256    0.000216563    0.010439335
   13.858858859    0.000071051    0.000232650    0.009285987
   13.873873874    0.000073223    0.000251332    0.008312972
   13.888888889    0.000075849    0.000273161    0.007484930
   13.903903904    0.000079027    0.000298848    0.006774679
   13.918918919    0.000082885    0.000329313    0.006161067
   13.933933934    0.000087591    0.000365766    0.005627450
   13.948948949    0.000093368    0.000409818    0.005160593
   13.963963964    0.000100519    0.000463651    0.004749872
   13.978978979    0.000109460    0.000530264    0.004386683
   13.993993994    0.000120774    0.000613863    0.004064001
   14.009009009    0.000135291    0.000720454    0.003776045
   14.024024024    0.000154223    0.000858786    0.003518027
   14.039039039    0.000179368    0.001041867    0.003285950
   14.054054054    0.000213440    0.001289362    0.003076463
   14.069069069    0.000260584    0.001631273    0.002886736
   14.084084084    0.000327054    0.002112824    0.002714367
   14.099099099    0.000421713    0.002797724    0.002557308
   14.114114114    0.000554481    0.003755638    0.002413802
   14.129129129    0.000726580    0.004988180    0.002282337
   14.144144144    0.000903147    0.006228693    0.002161607
   14.159159159    0.000992375    0.006812645    0.002050476
   14.174174174    0.000924181    0.006277890    0.001947955
   14.189189189    0.000753348    0.005051760    0.001853179
   14.204204204    0.000576694    0.003810218    0.001765389
   14.219219219    0.000437394    0.002838835    0.001683916
   14.234234234    0.000337368    0.002143130    0.001608170
   14.249249249    0.000267038    0.001654217    0.001537627
   14.264264264    0.000217192    0.001307596    0.001471822
   14.279279279    0.000181206    0.001057208    0.001410343
   14.294294294    0.000154674    0.000872460    0.001352818
   14.309309309    0.000134711    0.000733304    0.001298916
   14.324324324    0.000119412    0.000626495    0.001248341
   14.339339339    0.000107500    0.000543138    0.001200825
   14.354354354    0.000098103    0.000477141    0.001156128
   14.369369369    0.000090615    0.000424253    0.001114030
   14.384384384    0.000084609    0.000381453    0.001074337
   14.399399399    0.000079778    0.000346559    0.001036868
   14.414414414    0.000075900    0.000317974    0.001001462
   14.429429429    0.000072818    0.000294519    0.000967971
   14.444444444    0.000070419    0.000275316    0.000936259
   14.459459459    0.000068624    0.000259713    0.000906205
   14.474474474    0.000067385    0.000247233    0.000877695
   14.489489489    0.000066682    0.000237536    0.000850627
   14.504504505    0.000066518    0.000230401    0.000824906
   14.519519520    0.000066921    0.000225709    0.000800444
   14.534534535    0.000067955    0.000223443    0.000777163
   14.549549550    0.000069719    0.000223695    0.000754987
   14.564564565    0.000072370    0.000226679    0.000733850
   14.579579580    0.000076139    0.000232767    0.000713689
   14.594594595    0.000081370    0.000242537    0.000694445
   14.609609610    0.000088582    0.000256865    0.000676065
   14.624624625    0.000098554    0.000277051    0.000658498
   14.639639640    0.000112471    0.000305027    0.000641700
   14.654654655    0.000132087    0.000343633    0.000625626
   14.669669670    0.000159783    0.000396859    0.000610237
   14.684684685    0.000197837    0.000469500    0.000595495
   14.699699700    0.000245143    0.000564595    0.000581367
   14.714714715    0.000290344    0.000677491    0.000567819
   14.729729730    0.000313162    0.000796929    0.000554822
   14.744744745    0.000309724    0.000930239    0.000542347
   14.759759760    0.000302002    0.001115901    0.000530368
   14.774774775    0.000310710    0.001392650    0.000518860
   14.789789790    0.000340321    0.001758047    0.000507801
   14.804804805    0.000375712    0.002106269    0.000497168
   14.819819820    0.000383394    0.002217180    0.000486942
   14.834834835    0.000344201    0.001986135    0.000477103
   14.849849850    0.000279742    0.001581228    0.000467634
   14.864864865    0.000218693    0.001197993    0.000458517
   14.879879880    0.000171612    0.000904645    0.000449737
   14.894894895    0.000137696    0.000695237    0.000441279
   14.909909910    0.000113498    0.000547349    0.000433129
   14.924924925    0.000096000    0.000441585    0.000425273
   14.939939940    0.000083072    0.000364361    0.000417700
   14.954954955    0.000073299    0.000306690    0.000410397
   14.969969970    0.000065746    0.000262671    0.000403354
   14.984984985    0.000059788    0.000228388    0.000396560
   15.000000000    0.000055001    0.000201195    0.000390005
