# energy grid [eV]     epsi_x  epsi_y  epsi_z
#
    0.000000000    0.000000000    0.000000000    0.000000000
    0.015015015    0.000000662    0.000000663    0.000000122
    0.030030030    0.000001324    0.000001325    0.000000244
    0.045045045    0.000001986    0.000001988    0.000000366
    0.060060060    0.000002648    0.000002651    0.000000488
    0.075075075    0.000003310    0.000003314    0.000000610
    0.090090090    0.000003973    0.000003978    0.000000732
    0.105105105    0.000004636    0.000004642    0.000000855
    0.120120120    0.000005300    0.000005306    0.000000977
    0.135135135    0.000005964    0.000005972    0.000001099
    0.150150150    0.000006629    0.000006637    0.000001221
    0.165165165    0.000007295    0.000007304    0.000001343
    0.180180180    0.000007961    0.000007971    0.000001466
    0.195195195    0.000008629    0.000008639    0.000001588
    0.210210210    0.000009297    0.000009308    0.000001710
    0.225225225    0.000009966    0.000009978    0.000001833
    0.240240240    0.000010636    0.000010649    0.000001955
    0.255255255    0.000011307    0.000011321    0.000002078
    0.270270270    0.000011980    0.000011994    0.000002201
    0.285285285    0.000012653    0.000012669    0.000002323
    0.300300300    0.000013328    0.000013344    0.000002446
    0.315315315    0.000014005    0.000014022    0.000002569
    0.330330330    0.000014683    0.000014700    0.000002692
    0.345345345    0.000015362    0.000015381    0.000002815
    0.360360360    0.000016044    0.000016063    0.000002938
    0.375375375    0.000016726    0.000016746    0.000003061
    0.390390390    0.000017411    0.000017432    0.000003185
    0.405405405    0.000018098    0.000018119    0.000003308
    0.420420420    0.000018786    0.000018808    0.000003432
    0.435435435    0.000019477    0.000019500    0.000003555
    0.450450450    0.000020169    0.000020193    0.000003679
    0.465465465    0.000020864    0.000020889    0.000003803
    0.480480480    0.000021561    0.000021586    0.000003927
    0.495495495    0.000022260    0.000022286    0.000004051
    0.510510511    0.000022962    0.000022989    0.000004176
    0.525525526    0.000023666    0.000023694    0.000004300
    0.540540541    0.000024373    0.000024401    0.000004425
    0.555555556    0.000025082    0.000025112    0.000004549
    0.570570571    0.000025794    0.000025824    0.000004674
    0.585585586    0.000026509    0.000026540    0.000004799
    0.600600601    0.000027227    0.000027259    0.000004924
    0.615615616    0.000027947    0.000027980    0.000005050
    0.630630631    0.000028671    0.000028705    0.000005175
    0.645645646    0.000029398    0.000029433    0.000005301
    0.660660661    0.000030129    0.000030164    0.000005427
    0.675675676    0.000030862    0.000030898    0.000005553
    0.690690691    0.000031599    0.000031636    0.000005679
    0.705705706    0.000032340    0.000032377    0.000005805
    0.720720721    0.000033084    0.000033122    0.000005932
    0.735735736    0.000033831    0.000033871    0.000006059
    0.750750751    0.000034583    0.000034623    0.000006186
    0.765765766    0.000035338    0.000035379    0.000006313
    0.780780781    0.000036098    0.000036140    0.000006441
    0.795795796    0.000036861    0.000036904    0.000006568
    0.810810811    0.000037629    0.000037672    0.000006696
    0.825825826    0.000038401    0.000038445    0.000006824
    0.840840841    0.000039177    0.000039222    0.000006952
    0.855855856    0.000039958    0.000040004    0.000007081
    0.870870871    0.000040743    0.000040790    0.000007210
    0.885885886    0.000041533    0.000041581    0.000007339
    0.900900901    0.000042328    0.000042376    0.000007468
    0.915915916    0.000043127    0.000043177    0.000007598
    0.930930931    0.000043932    0.000043982    0.000007727
    0.945945946    0.000044742    0.000044793    0.000007857
    0.960960961    0.000045557    0.000045608    0.000007988
    0.975975976    0.000046377    0.000046430    0.000008118
    0.990990991    0.000047203    0.000047256    0.000008249
    1.006006006    0.000048034    0.000048088    0.000008380
    1.021021021    0.000048871    0.000048926    0.000008512
    1.036036036    0.000049714    0.000049770    0.000008644
    1.051051051    0.000050562    0.000050619    0.000008776
    1.066066066    0.000051417    0.000051475    0.000008908
    1.081081081    0.000052278    0.000052337    0.000009041
    1.096096096    0.000053145    0.000053205    0.000009173
    1.111111111    0.000054019    0.000054079    0.000009307
    1.126126126    0.000054899    0.000054960    0.000009440
    1.141141141    0.000055786    0.000055848    0.000009574
    1.156156156    0.000056680    0.000056743    0.000009708
    1.171171171    0.000057581    0.000057644    0.000009843
    1.186186186    0.000058489    0.000058553    0.000009978
    1.201201201    0.000059404    0.000059469    0.000010113
    1.216216216    0.000060326    0.000060392    0.000010249
    1.231231231    0.000061256    0.000061323    0.000010385
    1.246246246    0.000062194    0.000062262    0.000010521
    1.261261261    0.000063140    0.000063208    0.000010658
    1.276276276    0.000064093    0.000064163    0.000010795
    1.291291291    0.000065055    0.000065126    0.000010932
    1.306306306    0.000066025    0.000066097    0.000011070
    1.321321321    0.000067004    0.000067076    0.000011209
    1.336336336    0.000067991    0.000068064    0.000011347
    1.351351351    0.000068988    0.000069061    0.000011486
    1.366366366    0.000069993    0.000070067    0.000011626
    1.381381381    0.000071007    0.000071083    0.000011766
    1.396396396    0.000072031    0.000072107    0.000011906
    1.411411411    0.000073064    0.000073141    0.000012047
    1.426426426    0.000074107    0.000074185    0.000012188
    1.441441441    0.000075160    0.000075239    0.000012329
    1.456456456    0.000076223    0.000076303    0.000012471
    1.471471471    0.000077296    0.000077377    0.000012614
    1.486486486    0.000078380    0.000078462    0.000012757
    1.501501502    0.000079475    0.000079558    0.000012900
    1.516516517    0.000080581    0.000080664    0.000013044
    1.531531532    0.000081697    0.000081782    0.000013188
    1.546546547    0.000082825    0.000082911    0.000013333
    1.561561562    0.000083965    0.000084051    0.000013479
    1.576576577    0.000085117    0.000085204    0.000013624
    1.591591592    0.000086280    0.000086368    0.000013771
    1.606606607    0.000087456    0.000087545    0.000013917
    1.621621622    0.000088645    0.000088734    0.000014065
    1.636636637    0.000089846    0.000089936    0.000014213
    1.651651652    0.000091060    0.000091152    0.000014361
    1.666666667    0.000092288    0.000092380    0.000014510
    1.681681682    0.000093529    0.000093622    0.000014659
    1.696696697    0.000094784    0.000094878    0.000014809
    1.711711712    0.000096053    0.000096148    0.000014960
    1.726726727    0.000097336    0.000097432    0.000015111
    1.741741742    0.000098634    0.000098731    0.000015263
    1.756756757    0.000099947    0.000100045    0.000015415
    1.771771772    0.000101276    0.000101374    0.000015568
    1.786786787    0.000102620    0.000102719    0.000015721
    1.801801802    0.000103979    0.000104080    0.000015876
    1.816816817    0.000105355    0.000105457    0.000016030
    1.831831832    0.000106748    0.000106850    0.000016186
    1.846846847    0.000108157    0.000108261    0.000016341
    1.861861862    0.000109584    0.000109688    0.000016498
    1.876876877    0.000111028    0.000111133    0.000016655
    1.891891892    0.000112490    0.000112596    0.000016813
    1.906906907    0.000113970    0.000114077    0.000016971
    1.921921922    0.000115469    0.000115577    0.000017131
    1.936936937    0.000116987    0.000117096    0.000017290
    1.951951952    0.000118525    0.000118635    0.000017451
    1.966966967    0.000120082    0.000120193    0.000017612
    1.981981982    0.000121660    0.000121771    0.000017774
    1.996996997    0.000123258    0.000123371    0.000017937
    2.012012012    0.000124877    0.000124991    0.000018100
    2.027027027    0.000126518    0.000126633    0.000018264
    2.042042042    0.000128181    0.000128297    0.000018429
    2.057057057    0.000129867    0.000129983    0.000018594
    2.072072072    0.000131575    0.000131692    0.000018761
    2.087087087    0.000133307    0.000133425    0.000018928
    2.102102102    0.000135063    0.000135182    0.000019095
    2.117117117    0.000136843    0.000136963    0.000019264
    2.132132132    0.000138648    0.000138769    0.000019433
    2.147147147    0.000140479    0.000140601    0.000019603
    2.162162162    0.000142335    0.000142458    0.000019774
    2.177177177    0.000144219    0.000144343    0.000019946
    2.192192192    0.000146129    0.000146255    0.000020119
    2.207207207    0.000148068    0.000148194    0.000020292
    2.222222222    0.000150035    0.000150162    0.000020467
    2.237237237    0.000152031    0.000152159    0.000020642
    2.252252252    0.000154057    0.000154186    0.000020818
    2.267267267    0.000156113    0.000156243    0.000020995
    2.282282282    0.000158200    0.000158331    0.000021173
    2.297297297    0.000160319    0.000160451    0.000021351
    2.312312312    0.000162470    0.000162603    0.000021531
    2.327327327    0.000164655    0.000164789    0.000021712
    2.342342342    0.000166874    0.000167009    0.000021893
    2.357357357    0.000169128    0.000169263    0.000022075
    2.372372372    0.000171417    0.000171553    0.000022259
    2.387387387    0.000173742    0.000173880    0.000022443
    2.402402402    0.000176105    0.000176244    0.000022629
    2.417417417    0.000178506    0.000178646    0.000022815
    2.432432432    0.000180946    0.000181087    0.000023002
    2.447447447    0.000183426    0.000183568    0.000023191
    2.462462462    0.000185947    0.000186090    0.000023380
    2.477477477    0.000188510    0.000188654    0.000023571
    2.492492492    0.000191115    0.000191260    0.000023762
    2.507507508    0.000193765    0.000193911    0.000023955
    2.522522523    0.000196460    0.000196607    0.000024149
    2.537537538    0.000199201    0.000199349    0.000024344
    2.552552553    0.000201989    0.000202138    0.000024539
    2.567567568    0.000204826    0.000204976    0.000024737
    2.582582583    0.000207712    0.000207863    0.000024935
    2.597597598    0.000210649    0.000210801    0.000025134
    2.612612613    0.000213638    0.000213791    0.000025335
    2.627627628    0.000216681    0.000216835    0.000025537
    2.642642643    0.000219779    0.000219934    0.000025739
    2.657657658    0.000222933    0.000223089    0.000025944
    2.672672673    0.000226145    0.000226302    0.000026149
    2.687687688    0.000229415    0.000229574    0.000026356
    2.702702703    0.000232747    0.000232906    0.000026564
    2.717717718    0.000236141    0.000236301    0.000026773
    2.732732733    0.000239599    0.000239760    0.000026983
    2.747747748    0.000243123    0.000243285    0.000027195
    2.762762763    0.000246714    0.000246878    0.000027409
    2.777777778    0.000250375    0.000250539    0.000027623
    2.792792793    0.000254107    0.000254272    0.000027839
    2.807807808    0.000257911    0.000258078    0.000028056
    2.822822823    0.000261791    0.000261959    0.000028275
    2.837837838    0.000265748    0.000265917    0.000028495
    2.852852853    0.000269785    0.000269954    0.000028717
    2.867867868    0.000273903    0.000274074    0.000028940
    2.882882883    0.000278105    0.000278276    0.000029165
    2.897897898    0.000282393    0.000282566    0.000029391
    2.912912913    0.000286770    0.000286944    0.000029618
    2.927927928    0.000291238    0.000291413    0.000029847
    2.942942943    0.000295800    0.000295976    0.000030078
    2.957957958    0.000300459    0.000300635    0.000030310
    2.972972973    0.000305217    0.000305395    0.000030544
    2.987987988    0.000310077    0.000310256    0.000030780
    3.003003003    0.000315043    0.000315223    0.000031017
    3.018018018    0.000320118    0.000320299    0.000031256
    3.033033033    0.000325305    0.000325487    0.000031497
    3.048048048    0.000330607    0.000330790    0.000031739
    3.063063063    0.000336028    0.000336212    0.000031983
    3.078078078    0.000341571    0.000341756    0.000032229
    3.093093093    0.000347241    0.000347427    0.000032477
    3.108108108    0.000353041    0.000353228    0.000032726
    3.123123123    0.000358976    0.000359164    0.000032978
    3.138138138    0.000365049    0.000365239    0.000033231
    3.153153153    0.000371266    0.000371456    0.000033486
    3.168168168    0.000377630    0.000377822    0.000033743
    3.183183183    0.000384148    0.000384340    0.000034003
    3.198198198    0.000390823    0.000391016    0.000034264
    3.213213213    0.000397661    0.000397855    0.000034527
    3.228228228    0.000404667    0.000404863    0.000034792
    3.243243243    0.000411848    0.000412044    0.000035059
    3.258258258    0.000419208    0.000419406    0.000035329
    3.273273273    0.000426755    0.000426953    0.000035600
    3.288288288    0.000434494    0.000434694    0.000035874
    3.303303303    0.000442433    0.000442633    0.000036150
    3.318318318    0.000450578    0.000450779    0.000036428
    3.333333333    0.000458937    0.000459139    0.000036709
    3.348348348    0.000467517    0.000467720    0.000036992
    3.363363363    0.000476327    0.000476531    0.000037277
    3.378378378    0.000485374    0.000485579    0.000037564
    3.393393393    0.000494668    0.000494874    0.000037854
    3.408408408    0.000504217    0.000504425    0.000038147
    3.423423423    0.000514032    0.000514240    0.000038442
    3.438438438    0.000524122    0.000524331    0.000038739
    3.453453453    0.000534498    0.000534708    0.000039040
    3.468468468    0.000545171    0.000545382    0.000039342
    3.483483483    0.000556152    0.000556364    0.000039648
    3.498498498    0.000567453    0.000567666    0.000039956
    3.513513514    0.000579088    0.000579302    0.000040267
    3.528528529    0.000591070    0.000591284    0.000040581
    3.543543544    0.000603412    0.000603627    0.000040898
    3.558558559    0.000616129    0.000616345    0.000041217
    3.573573574    0.000629237    0.000629454    0.000041540
    3.588588589    0.000642753    0.000642971    0.000041865
    3.603603604    0.000656693    0.000656911    0.000042194
    3.618618619    0.000671076    0.000671295    0.000042526
    3.633633634    0.000685920    0.000686139    0.000042861
    3.648648649    0.000701246    0.000701466    0.000043199
    3.663663664    0.000717074    0.000717295    0.000043541
    3.678678679    0.000733429    0.000733650    0.000043885
    3.693693694    0.000750332    0.000750554    0.000044234
    3.708708709    0.000767809    0.000768032    0.000044585
    3.723723724    0.000785887    0.000786110    0.000044941
    3.738738739    0.000804593    0.000804816    0.000045300
    3.753753754    0.000823957    0.000824181    0.000045662
    3.768768769    0.000844011    0.000844235    0.000046029
    3.783783784    0.000864787    0.000865012    0.000046399
    3.798798799    0.000886322    0.000886547    0.000046773
    3.813813814    0.000908652    0.000908877    0.000047151
    3.828828829    0.000931818    0.000932043    0.000047533
    3.843843844    0.000955861    0.000956087    0.000047919
    3.858858859    0.000980828    0.000981054    0.000048309
    3.873873874    0.001006765    0.001006992    0.000048704
    3.888888889    0.001033725    0.001033951    0.000049103
    3.903903904    0.001061762    0.001061988    0.000049507
    3.918918919    0.001090933    0.001091159    0.000049915
    3.933933934    0.001121303    0.001121528    0.000050327
    3.948948949    0.001152936    0.001153161    0.000050745
    3.963963964    0.001185905    0.001186130    0.000051167
    3.978978979    0.001220285    0.001220510    0.000051595
    3.993993994    0.001256160    0.001256384    0.000052027
    4.009009009    0.001293616    0.001293839    0.000052465
    4.024024024    0.001332748    0.001332971    0.000052908
    4.039039039    0.001373659    0.001373881    0.000053356
    4.054054054    0.001416458    0.001416679    0.000053810
    4.069069069    0.001461263    0.001461482    0.000054269
    4.084084084    0.001508201    0.001508419    0.000054734
    4.099099099    0.001557410    0.001557627    0.000055206
    4.114114114    0.001609040    0.001609255    0.000055683
    4.129129129    0.001663251    0.001663465    0.000056167
    4.144144144    0.001720220    0.001720432    0.000056656
    4.159159159    0.001780137    0.001780346    0.000057153
    4.174174174    0.001843208    0.001843415    0.000057656
    4.189189189    0.001909659    0.001909863    0.000058166
    4.204204204    0.001979736    0.001979938    0.000058683
    4.219219219    0.002053708    0.002053907    0.000059207
    4.234234234    0.002131869    0.002132065    0.000059739
    4.249249249    0.002214542    0.002214734    0.000060278
    4.264264264    0.002302080    0.002302268    0.000060825
    4.279279279    0.002394873    0.002395056    0.000061380
    4.294294294    0.002493349    0.002493528    0.000061943
    4.309309309    0.002597983    0.002598156    0.000062514
    4.324324324    0.002709298    0.002709466    0.000063095
    4.339339339    0.002827875    0.002828036    0.000063684
    4.354354354    0.002954359    0.002954514    0.000064282
    4.369369369    0.003089468    0.003089615    0.000064890
    4.384384384    0.003234004    0.003234143    0.000065508
    4.399399399    0.003388863    0.003388994    0.000066135
    4.414414414    0.003555050    0.003555172    0.000066773
    4.429429429    0.003733698    0.003733809    0.000067422
    4.444444444    0.003926079    0.003926180    0.000068081
    4.459459459    0.004133637    0.004133726    0.000068752
    4.474474474    0.004358008    0.004358083    0.000069434
    4.489489489    0.004601051    0.004601112    0.000070129
    4.504504505    0.004864894    0.004864940    0.000070836
    4.519519520    0.005151971    0.005152000    0.000071556
    4.534534535    0.005465086    0.005465096    0.000072289
    4.549549550    0.005807472    0.005807463    0.000073036
    4.564564565    0.006182884    0.006182852    0.000073797
    4.579579580    0.006595691    0.006595635    0.000074574
    4.594594595    0.007051008    0.007050925    0.000075365
    4.609609610    0.007554852    0.007554740    0.000076172
    4.624624625    0.008114334    0.008114191    0.000076996
    4.639639640    0.008737915    0.008737736    0.000077837
    4.654654655    0.009435710    0.009435493    0.000078696
    4.669669670    0.010219903    0.010219644    0.000079573
    4.684684685    0.011105263    0.011104957    0.000080469
    4.699699700    0.012109826    0.012109469    0.000081386
    4.714714715    0.013255800    0.013255388    0.000082323
    4.729729730    0.014570761    0.014570288    0.000083283
    4.744744745    0.016089269    0.016088730    0.000084265
    4.759759760    0.017855079    0.017854470    0.000085271
    4.774774775    0.019924193    0.019923509    0.000086301
    4.789789790    0.022369139    0.022368379    0.000087358
    4.804804805    0.025285073    0.025284239    0.000088442
    4.819819820    0.028798605    0.028797703    0.000089555
    4.834834835    0.033080787    0.033079835    0.000090698
    4.849849850    0.038366595    0.038365630    0.000091872
    4.864864865    0.044984660    0.044983751    0.000093080
    4.879879880    0.053403498    0.053402766    0.000094323
    4.894894895    0.064304535    0.064304196    0.000095603
    4.909909910    0.078698736    0.078699157    0.000096921
    4.924924925    0.098112437    0.098114229    0.000098282
    4.939939940    0.124873632    0.124877731    0.000099686
    4.954954955    0.162501302    0.162508827    0.000101136
    4.969969970    0.216006726    0.216017688    0.000102636
    4.984984985    0.291107258    0.291115162    0.000104189
    5.000000000    0.388981676    0.388959750    0.000105798
    5.015015015    0.491057652    0.490955878    0.000107467
    5.030030030    0.545880600    0.545708672    0.000109201
    5.045045045    0.510934051    0.510809720    0.000111004
    5.060060060    0.414533218    0.414497349    0.000112881
    5.075075075    0.312750475    0.312755357    0.000114839
    5.090090090    0.231884465    0.231896180    0.000116884
    5.105105105    0.173685897    0.173694675    0.000119024
    5.120120120    0.132757860    0.132762936    0.000121266
    5.135135135    0.103761835    0.103764289    0.000123622
    5.150150150    0.082833967    0.082834829    0.000126101
    5.165165165    0.067398334    0.067398300    0.000128716
    5.180180180    0.055766535    0.055766029    0.000131482
    5.195195195    0.046824054    0.046823327    0.000134415
    5.210210210    0.039823070    0.039822265    0.000137535
    5.225225225    0.034251899    0.034251097    0.000140866
    5.240240240    0.029753331    0.029752577    0.000144434
    5.255255255    0.026073105    0.026072421    0.000148272
    5.270270270    0.023026900    0.023026296    0.000152419
    5.285285285    0.020478816    0.020478297    0.000156923
    5.300300300    0.018327077    0.018326642    0.000161843
    5.315315315    0.016494361    0.016494005    0.000167252
    5.330330330    0.014921142    0.014920863    0.000173239
    5.345345345    0.013561044    0.013560836    0.000179923
    5.360360360    0.012377525    0.012377384    0.000187451
    5.375375375    0.011341499    0.011341419    0.000196018
    5.390390390    0.010429591    0.010429569    0.000205882
    5.405405405    0.009622855    0.009622886    0.000217393
    5.420420420    0.008905806    0.008905887    0.000231029
    5.435435435    0.008265693    0.008265821    0.000247460
    5.450450450    0.007691945    0.007692116    0.000267647
    5.465465465    0.007175736    0.007175948    0.000292990
    5.480480480    0.006709654    0.006709904    0.000325575
    5.495495495    0.006287440    0.006287726    0.000368563
    5.510510511    0.005903778    0.005904098    0.000426765
    5.525525526    0.005554131    0.005554484    0.000507339
    5.540540541    0.005234609    0.005234992    0.000619933
    5.555555556    0.004941861    0.004942273    0.000773314
    5.570570571    0.004672986    0.004673426    0.000960312
    5.585585586    0.004425467    0.004425933    0.001125967
    5.600600601    0.004197108    0.004197600    0.001170678
    5.615615616    0.003985988    0.003986505    0.001063717
    5.630630631    0.003790421    0.003790962    0.000890798
    5.645645646    0.003608920    0.003609484    0.000734373
    5.660660661    0.003440174    0.003440760    0.000619439
    5.675675676    0.003283017    0.003283625    0.000541658
    5.690690691    0.003136418    0.003137047    0.000491065
    5.705705706    0.002999453    0.003000103    0.000459429
    5.720720721    0.002871301    0.002871972    0.000441112
    5.735735736    0.002751224    0.002751915    0.000432472
    5.750750751    0.002638560    0.002639271    0.000431210
    5.765765766    0.002532714    0.002533444    0.000435902
    5.780780781    0.002433149    0.002433899    0.000445711
    5.795795796    0.002339380    0.002340150    0.000460205
    5.810810811    0.002250968    0.002251757    0.000479251
    5.825825826    0.002167515    0.002168323    0.000502964
    5.840840841    0.002088658    0.002089485    0.000531676
    5.855855856    0.002014069    0.002014915    0.000565943
    5.870870871    0.001943446    0.001944311    0.000606562
    5.885885886    0.001876515    0.001877399    0.000654620
    5.900900901    0.001813025    0.001813928    0.000711566
    5.915915916    0.001752745    0.001753668    0.000779314
    5.930930931    0.001695465    0.001696408    0.000860408
    5.945945946    0.001640991    0.001641953    0.000958246
    5.960960961    0.001589143    0.001590125    0.001077426
    5.975975976    0.001539757    0.001540760    0.001224255
    5.990990991    0.001492682    0.001493705    0.001407523
    6.006006006    0.001447777    0.001448821    0.001639712
    6.021021021    0.001404913    0.001405977    0.001938886
    6.036036036    0.001363968    0.001365054    0.002331712
    6.051051051    0.001324833    0.001325939    0.002858283
    6.066066066    0.001287402    0.001288531    0.003579657
    6.081081081    0.001251581    0.001252732    0.004588631
    6.096096096    0.001217280    0.001218454    0.006020620
    6.111111111    0.001184415    0.001185612    0.008044852
    6.126126126    0.001152910    0.001154130    0.010761243
    6.141141141    0.001122691    0.001123936    0.013840042
    6.156156156    0.001093692    0.001094961    0.016005670
    6.171171171    0.001065848    0.001067143    0.015706511
    6.186186186    0.001039102    0.001040423    0.013204017
    6.201201201    0.001013397    0.001014745    0.010168071
    6.216216216    0.000988683    0.000990058    0.007645494
    6.231231231    0.000964910    0.000966314    0.005816703
    6.246246246    0.000942034    0.000943466    0.004532275
    6.261261261    0.000920011    0.000921472    0.003605185
    6.276276276    0.000898801    0.000900293    0.002908545
    6.291291291    0.000878366    0.000879889    0.002379143
    6.306306306    0.000858672    0.000860227    0.001977884
    6.321321321    0.000839683    0.000841272    0.001672220
    6.336336336    0.000821370    0.000822993    0.001436349
    6.351351351    0.000803702    0.000805360    0.001251456
    6.366366366    0.000786652    0.000788346    0.001104266
    6.381381381    0.000770192    0.000771924    0.000985419
    6.396396396    0.000754298    0.000756068    0.000888244
    6.411411411    0.000738946    0.000740757    0.000807903
    6.426426426    0.000724115    0.000725967    0.000740831
    6.441441441    0.000709783    0.000711678    0.000684357
    6.456456456    0.000695930    0.000697869    0.000636452
    6.471471471    0.000682537    0.000684523    0.000595550
    6.486486486    0.000669587    0.000671621    0.000560431
    6.501501502    0.000657063    0.000659146    0.000530131
    6.516516517    0.000644949    0.000647084    0.000503884
    6.531531532    0.000633230    0.000635418    0.000481071
    6.546546547    0.000621892    0.000624135    0.000461194
    6.561561562    0.000610921    0.000613222    0.000443842
    6.576576577    0.000600305    0.000602666    0.000428680
    6.591591592    0.000590031    0.000592455    0.000415432
    6.606606607    0.000580088    0.000582577    0.000403866
    6.621621622    0.000570466    0.000573023    0.000393790
    6.636636637    0.000561153    0.000563781    0.000385047
    6.651651652    0.000552142    0.000554844    0.000377501
    6.666666667    0.000543422    0.000546202    0.000371043
    6.681681682    0.000534986    0.000537846    0.000365580
    6.696696697    0.000526824    0.000529769    0.000361040
    6.711711712    0.000518931    0.000521965    0.000357362
    6.726726727    0.000511298    0.000514425    0.000354500
    6.741741742    0.000503920    0.000507144    0.000352422
    6.756756757    0.000496790    0.000500116    0.000351108
    6.771771772    0.000489903    0.000493337    0.000350550
    6.786786787    0.000483254    0.000486800    0.000350754
    6.801801802    0.000476837    0.000480503    0.000351742
    6.816816817    0.000470650    0.000474440    0.000353550
    6.831831832    0.000464687    0.000468610    0.000356237
    6.846846847    0.000458947    0.000463008    0.000359885
    6.861861862    0.000453425    0.000457634    0.000364605
    6.876876877    0.000448120    0.000452484    0.000370551
    6.891891892    0.000443030    0.000447558    0.000377925
    6.906906907    0.000438154    0.000442856    0.000387001
    6.921921922    0.000433490    0.000438376    0.000398147
    6.936936937    0.000429038    0.000434121    0.000411866
    6.951951952    0.000424800    0.000430091    0.000428847
    6.966966967    0.000420776    0.000426288    0.000450058
    6.981981982    0.000416967    0.000422715    0.000476873
    6.996996997    0.000413376    0.000419376    0.000511286
    7.012012012    0.000410007    0.000416275    0.000556242
    7.027027027    0.000406864    0.000413419    0.000616167
    7.042042042    0.000403952    0.000410815    0.000697810
    7.057057057    0.000401276    0.000408469    0.000811430
    7.072072072    0.000398846    0.000406393    0.000972028
    7.087087087    0.000396669    0.000404598    0.001198463
    7.102102102    0.000394757    0.000403096    0.001502344
    7.117117117    0.000393121    0.000401904    0.001848589
    7.132132132    0.000391775    0.000401038    0.002097105
    7.147147147    0.000390737    0.000400520    0.002072411
    7.162162162    0.000390026    0.000400373    0.001797601
    7.177177177    0.000389664    0.000400624    0.001458358
    7.192192192    0.000389677    0.000401307    0.001174216
    7.207207207    0.000390095    0.000402457    0.000967207
    7.222222222    0.000390954    0.000404117    0.000822606
    7.237237237    0.000392295    0.000406338    0.000721911
    7.252252252    0.000394166    0.000409179    0.000651028
    7.267267267    0.000396625    0.000412708    0.000600431
    7.282282282    0.000399737    0.000417007    0.000563868
    7.297297297    0.000403582    0.000422171    0.000537231
    7.312312312    0.000408255    0.000428315    0.000517779
    7.327327327    0.000413869    0.000435576    0.000503648
    7.342342342    0.000420559    0.000444117    0.000493550
    7.357357357    0.000428491    0.000454139    0.000486573
    7.372372372    0.000437866    0.000465885    0.000482064
    7.387387387    0.000448931    0.000479652    0.000479544
    7.402402402    0.000461993    0.000495811    0.000478663
    7.417417417    0.000477436    0.000514823    0.000479156
    7.432432432    0.000495746    0.000537273    0.000480824
    7.447447447    0.000517541    0.000563906    0.000483517
    7.462462462    0.000543623    0.000595683    0.000487120
    7.477477477    0.000575040    0.000633860    0.000491545
    7.492492492    0.000613183    0.000680106    0.000496728
    7.507507508    0.000659929    0.000736662    0.000502619
    7.522522523    0.000717848    0.000806596    0.000509184
    7.537537538    0.000790526    0.000894181    0.000516399
    7.552552553    0.000883061    0.001005481    0.000524251
    7.567567568    0.001002851    0.001149275    0.000532734
    7.582582583    0.001160846    0.001338532    0.000541849
    7.597597598    0.001373536    0.001592751    0.000551605
    7.612612613    0.001666020    0.001941583    0.000562017
    7.627627628    0.002076173    0.002429826    0.000573106
    7.642642643    0.002657904    0.003121673    0.000584897
    7.657657658    0.003473006    0.004092774    0.000597426
    7.672672673    0.004537068    0.005371545    0.000610730
    7.687687688    0.005667297    0.006767413    0.000624857
    7.702702703    0.006361377    0.007712235    0.000639861
    7.717717718    0.006180469    0.007643982    0.000655805
    7.732732733    0.005286136    0.006647144    0.000672760
    7.747747748    0.004176493    0.005285546    0.000690810
    7.762762763    0.003206994    0.004045635    0.000710049
    7.777777778    0.002479461    0.003099556    0.000730586
    7.792792793    0.001962730    0.002423981    0.000752548
    7.807807808    0.001598793    0.001947635    0.000776079
    7.822822823    0.001339756    0.001608494    0.000801346
    7.837837838    0.001152374    0.001362874    0.000828545
    7.852852853    0.001014667    0.001181779    0.000857902
    7.867867868    0.000912194    0.001046149    0.000889684
    7.882882883    0.000835382    0.000943350    0.000924203
    7.897897898    0.000777800    0.000864883    0.000961833
    7.912912913    0.000735076    0.000804949    0.001003014
    7.927927928    0.000704224    0.000759546    0.001048278
    7.942942943    0.000683212    0.000725903    0.001098266
    7.957957958    0.000670704    0.000702117    0.001153761
    7.972972973    0.000665885    0.000686929    0.001215720
    7.987987988    0.000668367    0.000679577    0.001285333
    8.003003003    0.000678140    0.000679718    0.001364086
    8.018018018    0.000695565    0.000687393    0.001453858
    8.033033033    0.000721401    0.000703032    0.001557049
    8.048048048    0.000756884    0.000727497    0.001676767
    8.063063063    0.000803850    0.000762185    0.001817086
    8.078078078    0.000864947    0.000809182    0.001983428
    8.093093093    0.000943953    0.000871533    0.002183118
    8.108108108    0.001046291    0.000953646    0.002426225
    8.123123123    0.001179818    0.001061955    0.002726846
    8.138138138    0.001356108    0.001205957    0.003105106
    8.153153153    0.001592476    0.001399885    0.003590317
    8.168168168    0.001915210    0.001665353    0.004226034
    8.183183183    0.002364371    0.002035293    0.005078097
    8.198198198    0.002999646    0.002558731    0.006246920
    8.213213213    0.003901639    0.003301731    0.007883796
    8.228228228    0.005144363    0.004324481    0.010201480
    8.243243243    0.006671528    0.005579266    0.013431208
    8.258258258    0.008034333    0.006697358    0.017572278
    8.273273273    0.008417876    0.007020337    0.021720962
    8.288288288    0.007579614    0.006369149    0.023655789
    8.303303303    0.006241280    0.005341368    0.021869545
    8.318318318    0.005095778    0.004498986    0.017815693
    8.333333333    0.004341916    0.003997104    0.013733719
    8.348348348    0.003869689    0.003719020    0.010556968
    8.363363363    0.003444092    0.003415931    0.008297495
    8.378378378    0.002924617    0.002941574    0.006725567
    8.393393393    0.002381742    0.002395765    0.005627510
    8.408408408    0.001921016    0.001919240    0.004851073
    8.423423423    0.001569803    0.001554997    0.004295273
    8.438438438    0.001310542    0.001288047    0.003894061
    8.453453453    0.001118536    0.001092448    0.003603927
    8.468468468    0.000974007    0.000946882    0.003395788
    8.483483483    0.000863085    0.000836379    0.003249888
    8.498498498    0.000776351    0.000750835    0.003152613
    8.513513514    0.000707392    0.000683432    0.003094483
    8.528528529    0.000651773    0.000629505    0.003068868
    8.543543544    0.000606366    0.000585798    0.003071160
    8.558558559    0.000568922    0.000549993    0.003098225
    8.573573574    0.000537793    0.000520405    0.003148051
    8.588588589    0.000511748    0.000495791    0.003219507
    8.603603604    0.000489856    0.000475216    0.003312201
    8.618618619    0.000471401    0.000457965    0.003426396
    8.633633634    0.000455825    0.000443489    0.003562972
    8.648648649    0.000442691    0.000431357    0.003723441
    8.663663664    0.000431649    0.000421229    0.003909994
    8.678678679    0.000422424    0.000412835    0.004125606
    8.693693694    0.000414789    0.000405958    0.004374197
    8.708708709    0.000408565    0.000400426    0.004660871
    8.723723724    0.000403604    0.000396097    0.004992277
    8.738738739    0.000399787    0.000392858    0.005377140
    8.753753754    0.000397017    0.000390618    0.005827044
    8.768768769    0.000395217    0.000389304    0.006357567
    8.783783784    0.000394324    0.000388859    0.006989780
    8.798798799    0.000394290    0.000389238    0.007751586
    8.813813814    0.000395078    0.000390406    0.008676276
    8.828828829    0.000396661    0.000392341    0.009790839
    8.843843844    0.000399020    0.000395027    0.011090004
    8.858858859    0.000402147    0.000398458    0.012546582
    8.873873874    0.000406039    0.000402634    0.014227697
    8.888888889    0.000410702    0.000407562    0.016343941
    8.903903904    0.000416148    0.000413258    0.019127010
    8.918918919    0.000422397    0.000419742    0.022708843
    8.933933934    0.000429474    0.000427043    0.026967805
    8.948948949    0.000437415    0.000435196    0.031532902
    8.963963964    0.000446261    0.000444245    0.036513005
    8.978978979    0.000456060    0.000454242    0.043044673
    8.993993994    0.000466872    0.000465246    0.052685037
    9.009009009    0.000478765    0.000477328    0.067079150
    9.024024024    0.000491818    0.000490568    0.088076322
    9.039039039    0.000506122    0.000505059    0.116982304
    9.054054054    0.000521782    0.000520908    0.151088432
    9.069069069    0.000538916    0.000538238    0.177645290
    9.084084084    0.000557664    0.000557189    0.178326953
    9.099099099    0.000578183    0.000577921    0.152473663
    9.114114114    0.000600655    0.000600621    0.118090045
    9.129129129    0.000625290    0.000625501    0.088450495
    9.144144144    0.000652328    0.000652808    0.066565129
    9.159159159    0.000682050    0.000682827    0.051145849
    9.174174174    0.000714782    0.000715890    0.040314257
    9.189189189    0.000750902    0.000752384    0.032601374
    9.204204204    0.000790855    0.000792763    0.027007242
    9.219219219    0.000835164    0.000837561    0.022875203
    9.234234234    0.000884447    0.000887411    0.019774371
    9.249249249    0.000939438    0.000943063    0.017418465
    9.264264264    0.001001016    0.001005419    0.015614079
    9.279279279    0.001070237    0.001075562    0.014228349
    9.294294294    0.001148382    0.001154805    0.013168678
    9.309309309    0.001237013    0.001244754    0.012369895
    9.324324324    0.001338049    0.001347384    0.011786006
    9.339339339    0.001453873    0.001465151    0.011384837
    9.354354354    0.001587465    0.001601127    0.011144555
    9.369369369    0.001742593    0.001759208    0.011051423
    9.384384384    0.001924072    0.001944375    0.011098434
    9.399399399    0.002138127    0.002163083    0.011284586
    9.414414414    0.002392910    0.002423799    0.011614701
    9.429429429    0.002699247    0.002737790    0.012099731
    9.444444444    0.003071732    0.003120281    0.012757620
    9.459459459    0.003530370    0.003592188    0.013614800
    9.474474474    0.004103071    0.004182769    0.014708575
    9.489489489    0.004829528    0.004933747    0.016090734
    9.504504505    0.005767322    0.005905818    0.017832998
    9.519519520    0.007001680    0.007189052    0.020035289
    9.534534535    0.008661024    0.008919463    0.022838398
    9.549549550    0.010941113    0.011304503    0.026443710
    9.564564565    0.014138683    0.014657629    0.031144358
    9.579579580    0.018681441    0.019424495    0.037374977
    9.594594595    0.025080080    0.026110368    0.045791134
    9.609609610    0.033538433    0.034805789    0.057392698
    9.624624625    0.042721875    0.043825182    0.073696368
    9.639639640    0.048370337    0.048577298    0.096892002
    9.654654655    0.046237335    0.045366888    0.129609460
    9.669669670    0.038083257    0.036796049    0.172961211
    9.684684685    0.028959636    0.027812704    0.220286304
    9.699699700    0.021560719    0.020696872    0.249882817
    9.714714715    0.016205106    0.015583031    0.239595091
    9.729729730    0.012441295    0.011990504    0.197936838
    9.744744745    0.009784479    0.009448562    0.150938674
    9.759759760    0.007877159    0.007617364    0.112733594
    9.774774775    0.006479874    0.006270545    0.085089827
    9.789789790    0.005435712    0.005259799    0.065709922
    9.804804805    0.004641363    0.004487281    0.052096347
    9.819819820    0.004027787    0.003887403    0.042405771
    9.834834835    0.003548004    0.003415369    0.035407877
    9.849849850    0.003169471    0.003040009    0.030303888
    9.864864865    0.002869279    0.002739260    0.026578332
    9.879879880    0.002631101    0.002497281    0.023901276
    9.894894895    0.002443213    0.002302571    0.022068763
    9.909909910    0.002297210    0.002146740    0.020969121
    9.924924925    0.002187153    0.002023683    0.020567430
    9.939939940    0.002109023    0.001929034    0.020904638
    9.954954955    0.002060385    0.001859809    0.022111090
    9.969969970    0.002040209    0.001814187    0.024435861
    9.984984985    0.002048830    0.001791403    0.028288340
   10.000000000    0.002088049    0.001791736    0.034256642
   10.015015015    0.002161393    0.001816604    0.042942049
   10.030030030    0.002274595    0.001868786    0.054125796
   10.045045045    0.002436378    0.001952817    0.064758373
   10.060060060    0.002659740    0.002075640    0.068353112
   10.075075075    0.002963994    0.002247663    0.061632432
   10.090090090    0.003378053    0.002484446    0.049502561
   10.105105105    0.003945616    0.002809381    0.037897516
   10.120120120    0.004732996    0.003257780    0.028953563
   10.135135135    0.005839040    0.003882328    0.022529223
   10.150150150    0.007399595    0.004757036    0.017960862
   10.165165165    0.009552230    0.005965324    0.014667193
   10.180180180    0.012261261    0.007527162    0.012239657
   10.195195195    0.014917821    0.009210612    0.010407498
   10.210210210    0.016300995    0.010452187    0.008992770
   10.225225225    0.015982148    0.010985549    0.007877240
   10.240240240    0.015144161    0.011408529    0.006980916
   10.255255255    0.015068167    0.012483920    0.006248549
   10.270270270    0.016149638    0.014424749    0.005641182
   10.285285285    0.017797322    0.016553298    0.005130793
   10.300300300    0.018415986    0.017258420    0.004696849
   10.315315315    0.016751006    0.015557012    0.004324036
   10.330330330    0.013580662    0.012497015    0.004000753
   10.345345345    0.010412510    0.009543107    0.003718079
   10.360360360    0.007917750    0.007259562    0.003469062
   10.375375375    0.006109768    0.005622603    0.003248216
   10.390390390    0.004820453    0.004465464    0.003051161
   10.405405405    0.003891083    0.003639226    0.002874364
   10.420420420    0.003207519    0.003038595    0.002714949
   10.435435435    0.002693394    0.002593663    0.002570549
   10.450450450    0.002298263    0.002258511    0.002439204
   10.465465465    0.001988500    0.002002730    0.002319277
   10.480480480    0.001741297    0.001805888    0.002209390
   10.495495495    0.001540865    0.001654061    0.002108376
   10.510510511    0.001376051    0.001537664    0.002015241
   10.525525526    0.001238822    0.001450089    0.001929132
   10.540540541    0.001123285    0.001386843    0.001849315
   10.555555556    0.001025046    0.001345018    0.001775152
   10.570570571    0.000940777    0.001322959    0.001706091
   10.585585586    0.000867925    0.001320099    0.001641645
   10.600600601    0.000804507    0.001336911    0.001581391
   10.615615616    0.000748967    0.001374978    0.001524952
   10.630630631    0.000700074    0.001437188    0.001471997
   10.645645646    0.000656851    0.001528103    0.001422231
   10.660660661    0.000618522    0.001654568    0.001375392
   10.675675676    0.000584477    0.001826681    0.001331245
   10.690690691    0.000554250    0.002059364    0.001289580
   10.705705706    0.000527508    0.002374866    0.001250206
   10.720720721    0.000504059    0.002806793    0.001212955
   10.735735736    0.000483868    0.003406465    0.001177671
   10.750750751    0.000467106    0.004252257    0.001144215
   10.765765766    0.000454194    0.005460207    0.001112461
   10.780780781    0.000445794    0.007182479    0.001082293
   10.795795796    0.000442415    0.009539060    0.001053606
   10.810810811    0.000442869    0.012344240    0.001026304
   10.825825826    0.000441459    0.014607008    0.001000298
   10.840840841    0.000429503    0.014802322    0.000975509
   10.855855856    0.000405961    0.012758228    0.000951862
   10.870870871    0.000378947    0.009923895    0.000929289
   10.885885886    0.000354862    0.007443179    0.000907726
   10.900900901    0.000335199    0.005598596    0.000887117
   10.915915916    0.000319131    0.004293026    0.000867407
   10.930930931    0.000305333    0.003371277    0.000848547
   10.945945946    0.000292942    0.002710293    0.000830491
   10.960960961    0.000281786    0.002226109    0.000813195
   10.975975976    0.000271846    0.001863543    0.000796621
   10.990990991    0.000262983    0.001586312    0.000780732
   11.006006006    0.000255011    0.001370245    0.000765492
   11.021021021    0.000247772    0.001198962    0.000750871
   11.036036036    0.000241143    0.001061154    0.000736837
   11.051051051    0.000235035    0.000948885    0.000723364
   11.066066066    0.000229383    0.000856513    0.000710425
   11.081081081    0.000224137    0.000780007    0.000697996
   11.096096096    0.000219260    0.000716521    0.000686054
   11.111111111    0.000214728    0.000664132    0.000674577
   11.126126126    0.000210523    0.000621669    0.000663545
   11.141141141    0.000206635    0.000588477    0.000652940
   11.156156156    0.000203048    0.000563682    0.000642743
   11.171171171    0.000199711    0.000544189    0.000632939
   11.186186186    0.000196507    0.000522709    0.000623510
   11.201201201    0.000193329    0.000492686    0.000614444
   11.216216216    0.000190218    0.000456855    0.000605725
   11.231231231    0.000187282    0.000422317    0.000597341
   11.246246246    0.000184572    0.000392492    0.000589280
   11.261261261    0.000182087    0.000367459    0.000581529
   11.276276276    0.000179811    0.000346284    0.000574078
   11.291291291    0.000177728    0.000328045    0.000566918
   11.306306306    0.000175825    0.000312068    0.000560037
   11.321321321    0.000174094    0.000297889    0.000553427
   11.336336336    0.000172529    0.000285177    0.000547079
   11.351351351    0.000171126    0.000273681    0.000540985
   11.366366366    0.000169882    0.000263211    0.000535138
   11.381381381    0.000168796    0.000253622    0.000529530
   11.396396396    0.000167867    0.000244797    0.000524155
   11.411411411    0.000167098    0.000236642    0.000519006
   11.426426426    0.000166488    0.000229082    0.000514077
   11.441441441    0.000166041    0.000222053    0.000509362
   11.456456456    0.000165760    0.000215501    0.000504856
   11.471471471    0.000165650    0.000209380    0.000500555
   11.486486486    0.000165716    0.000203651    0.000496453
   11.501501502    0.000165965    0.000198279    0.000492546
   11.516516517    0.000166404    0.000193234    0.000488831
   11.531531532    0.000167042    0.000188490    0.000485302
   11.546546547    0.000167891    0.000184023    0.000481958
   11.561561562    0.000168961    0.000179813    0.000478794
   11.576576577    0.000170267    0.000175842    0.000475807
   11.591591592    0.000171824    0.000172092    0.000472995
   11.606606607    0.000173651    0.000168549    0.000470355
   11.621621622    0.000175768    0.000165200    0.000467886
   11.636636637    0.000178200    0.000162033    0.000465584
   11.651651652    0.000180972    0.000159037    0.000463447
   11.666666667    0.000184115    0.000156202    0.000461474
   11.681681682    0.000187666    0.000153519    0.000459664
   11.696696697    0.000191666    0.000150982    0.000458014
   11.711711712    0.000196160    0.000148582    0.000456525
   11.726726727    0.000201203    0.000146313    0.000455197
   11.741741742    0.000206859    0.000144170    0.000454027
   11.756756757    0.000213200    0.000142148    0.000453016
   11.771771772    0.000220313    0.000140241    0.000452164
   11.786786787    0.000228297    0.000138445    0.000451471
   11.801801802    0.000237271    0.000136758    0.000450936
   11.816816817    0.000247375    0.000135176    0.000450562
   11.831831832    0.000258777    0.000133696    0.000450347
   11.846846847    0.000271676    0.000132316    0.000450294
   11.861861862    0.000286313    0.000131035    0.000450404
   11.876876877    0.000302982    0.000129850    0.000450678
   11.891891892    0.000322040    0.000128761    0.000451118
   11.906906907    0.000343929    0.000127767    0.000451728
   11.921921922    0.000369197    0.000126868    0.000452509
   11.936936937    0.000398533    0.000126065    0.000453465
   11.951951952    0.000432809    0.000125358    0.000454600
   11.966966967    0.000473144    0.000124747    0.000455919
   11.981981982    0.000520988    0.000124237    0.000457428
   11.996996997    0.000578245    0.000123827    0.000459133
   12.012012012    0.000647457    0.000123523    0.000461043
   12.027027027    0.000732058    0.000123327    0.000463168
   12.042042042    0.000836779    0.000123246    0.000465524
   12.057057057    0.000968248    0.000123285    0.000468126
   12.072072072    0.001135932    0.000123453    0.000471001
   12.087087087    0.001353633    0.000123761    0.000474182
   12.102102102    0.001641870    0.000124223    0.000477719
   12.117117117    0.002031666    0.000124859    0.000481681
   12.132132132    0.002570356    0.000125696    0.000486178
   12.147147147    0.003329268    0.000126773    0.000491367
   12.162162162    0.004408731    0.000128140    0.000497469
   12.177177177    0.005917822    0.000129855    0.000504724
   12.192192192    0.007856323    0.000131930    0.000513140
   12.207207207    0.009798208    0.000134207    0.000521813
   12.222222222    0.010695540    0.000136274    0.000528508
   12.237237237    0.009836345    0.000137860    0.000531711
   12.252252252    0.007905545    0.000139270    0.000532896
   12.267267267    0.005959964    0.000140961    0.000534337
   12.282282282    0.004440333    0.000143144    0.000536985
   12.297297297    0.003352416    0.000145857    0.000540865
   12.312312312    0.002587745    0.000149097    0.000545756
   12.327327327    0.002045379    0.000152871    0.000551457
   12.342342342    0.001653349    0.000157204    0.000557826
   12.357357357    0.001363865    0.000162144    0.000564775
   12.372372372    0.001145612    0.000167754    0.000572255
   12.387387387    0.000977894    0.000174120    0.000580236
   12.402402402    0.000846806    0.000181343    0.000588707
   12.417417417    0.000742821    0.000189554    0.000597667
   12.432432432    0.000659287    0.000198908    0.000607122
   12.447447447    0.000591472    0.000209597    0.000617084
   12.462462462    0.000535953    0.000221858    0.000627568
   12.477477477    0.000490221    0.000235983    0.000638594
   12.492492492    0.000452415    0.000252338    0.000650184
   12.507507508    0.000421146    0.000271382    0.000662366
   12.522522523    0.000395373    0.000293702    0.000675167
   12.537537538    0.000374324    0.000320049    0.000688619
   12.552552553    0.000357437    0.000351406    0.000702756
   12.567567568    0.000344325    0.000389066    0.000717617
   12.582582583    0.000334757    0.000434761    0.000733242
   12.597597598    0.000328646    0.000490847    0.000749676
   12.612612613    0.000326056    0.000560585    0.000766970
   12.627627628    0.000327223    0.000648568    0.000785175
   12.642642643    0.000332598    0.000761399    0.000804352
   12.657657658    0.000342912    0.000908759    0.000824566
   12.672672673    0.000359299    0.001105122    0.000845889
   12.687687688    0.000383470    0.001372456    0.000868401
   12.702702703    0.000417993    0.001744264    0.000892195
   12.717717718    0.000466659    0.002270431    0.000917374
   12.732732733    0.000534755    0.003018056    0.000944062
   12.747747748    0.000628359    0.004047351    0.000972402
   12.762762763    0.000750174    0.005305094    0.001002574
   12.777777778    0.000890522    0.006402159    0.001034804
   12.792792793    0.001030193    0.006644725    0.001069387
   12.807807808    0.001178021    0.005833115    0.001106714
   12.822822823    0.001385532    0.004571239    0.001147287
   12.837837838    0.001702550    0.003426181    0.001191622
   12.852852853    0.002127130    0.002565508    0.001239767
   12.867867868    0.002534149    0.001955987    0.001290159
   12.882882883    0.002662748    0.001526072    0.001339341
   12.897897898    0.002387560    0.001217279    0.001385808
   12.912912913    0.001906365    0.000990832    0.001432685
   12.927927928    0.001450727    0.000821754    0.001483601
   12.942942943    0.001101698    0.000693249    0.001540063
   12.957957958    0.000852312    0.000593818    0.001602362
   12.972972973    0.000675994    0.000515556    0.001670551
   12.987987988    0.000549731    0.000452988    0.001744783
   13.003003003    0.000457398    0.000402257    0.001825372
   13.018018018    0.000388324    0.000360605    0.001912778
   13.033033033    0.000335501    0.000326023    0.002007596
   13.048048048    0.000294276    0.000297021    0.002110546
   13.063063063    0.000261506    0.000272481    0.002222482
   13.078078078    0.000235023    0.000251550    0.002344403
   13.093093093    0.000213303    0.000233570    0.002477468
   13.108108108    0.000195251    0.000218024    0.002623024
   13.123123123    0.000180069    0.000204506    0.002782637
   13.138138138    0.000167163    0.000192691    0.002958134
   13.153153153    0.000156088    0.000182319    0.003151655
   13.168168168    0.000146499    0.000173177    0.003365712
   13.183183183    0.000138133    0.000165090    0.003603274
   13.198198198    0.000130781    0.000157918    0.003867868
   13.213213213    0.000124278    0.000151540    0.004163705
   13.228228228    0.000118493    0.000145859    0.004495844
   13.243243243    0.000113319    0.000140792    0.004870409
   13.258258258    0.000108669    0.000136269    0.005294860
   13.273273273    0.000104470    0.000132232    0.005778361
   13.288288288    0.000100665    0.000128631    0.006332258
   13.303303303    0.000097203    0.000125424    0.006970732
   13.318318318    0.000094044    0.000122575    0.007711679
   13.333333333    0.000091151    0.000120054    0.008577926
   13.348348348    0.000088497    0.000117836    0.009598924
   13.363363363    0.000086056    0.000115898    0.010813158
   13.378378378    0.000083806    0.000114222    0.012271601
   13.393393393    0.000081728    0.000112794    0.014042790
   13.408408408    0.000079807    0.000111600    0.016220379
   13.423423423    0.000078030    0.000110632    0.018934608
   13.438438438    0.000076384    0.000109881    0.022370041
   13.453453453    0.000074860    0.000109343    0.026793453
   13.468468468    0.000073448    0.000109013    0.032598262
   13.483483483    0.000072141    0.000108890    0.040375526
   13.498498498    0.000070933    0.000108974    0.051025071
   13.513513514    0.000069818    0.000109269    0.065915348
   13.528528529    0.000068792    0.000109778    0.087049454
   13.543543544    0.000067851    0.000110507    0.116958236
   13.558558559    0.000066992    0.000111466    0.157251259
   13.573573574    0.000066214    0.000112664    0.203408929
   13.588588589    0.000065513    0.000114116    0.236883716
   13.603603604    0.000064891    0.000115838    0.233901636
   13.618618619    0.000064347    0.000117849    0.196940992
   13.633633634    0.000063881    0.000120173    0.150867613
   13.648648649    0.000063495    0.000122837    0.112022919
   13.663663664    0.000063192    0.000125873    0.083527931
   13.678678679    0.000062975    0.000129319    0.063439439
   13.693693694    0.000062849    0.000133220    0.049265007
   13.708708709    0.000062820    0.000137630    0.039098675
   13.723723724    0.000062894    0.000142609    0.031650653
   13.738738739    0.000063080    0.000148232    0.026074235
   13.753753754    0.000063391    0.000154587    0.021812518
   13.768768769    0.000063839    0.000161779    0.018493904
   13.783783784    0.000064440    0.000169933    0.015865693
   13.798798799    0.000065216    0.000179203    0.013752554
   13.813813814    0.000066191    0.000189774    0.012030419
   13.828828829    0.000067395    0.000201871    0.010609837
   13.843843844    0.000068867    0.000215775    0.009425192
   13.858858859    0.000070654    0.000231834    0.008427571
   13.873873874    0.000072817    0.000250485    0.007579972
   13.888888889    0.000075432    0.000272281    0.006854023
   13.903903904    0.000078596    0.000297933    0.006227696
   13.918918919    0.000082437    0.000328363    0.005683696
   13.933933934    0.000087122    0.000364780    0.005208296
   13.948948949    0.000092873    0.000408800    0.004790497
   13.963963964    0.000099992    0.000462608    0.004421405
   13.978978979    0.000108892    0.000529210    0.004093773
   13.993993994    0.000120154    0.000612823    0.003801642
   14.009009009    0.000134606    0.000719470    0.003540084
   14.024024024    0.000153454    0.000857935    0.003304995
   14.039039039    0.000178487    0.001041276    0.003092931
   14.054054054    0.000212410    0.001289244    0.002900991
   14.069069069    0.000259351    0.001631970    0.002726715
   14.084084084    0.000325537    0.002114846    0.002568006
   14.099099099    0.000419792    0.002801635    0.002423069
   14.114114114    0.000551977    0.003761303    0.002290359
   14.129129129    0.000723247    0.004992154    0.002168541
   14.144144144    0.000898757    0.006220026    0.002056459
   14.159159159    0.000987066    0.006778205    0.001953104
   14.174174174    0.000918768    0.006223089    0.001857595
   14.189189189    0.000748703    0.004996503    0.001769158
   14.204204204    0.000573084    0.003765756    0.001687115
   14.219219219    0.000434668    0.002805984    0.001610864
   14.234234234    0.000335292    0.002119258    0.001539874
   14.249249249    0.000265420    0.001636659    0.001473672
   14.264264264    0.000215895    0.001294392    0.001411840
   14.279279279    0.000180140    0.001047035    0.001354001
   14.294294294    0.000153776    0.000864435    0.001299820
   14.309309309    0.000133939    0.000726834    0.001248995
   14.324324324    0.000118735    0.000621177    0.001201256
   14.339339339    0.000106897    0.000538688    0.001156359
   14.354354354    0.000097558    0.000473359    0.001114084
   14.369369369    0.000090117    0.000420992    0.001074230
   14.384384384    0.000084148    0.000378604    0.001036619
   14.399399399    0.000079346    0.000344040    0.001001084
   14.414414414    0.000075494    0.000315722    0.000967477
   14.429429429    0.000072431    0.000292483    0.000935662
   14.444444444    0.000070047    0.000273457    0.000905515
   14.459459459    0.000068264    0.000257999    0.000876922
   14.474474474    0.000067035    0.000245636    0.000849778
   14.489489489    0.000066338    0.000236035    0.000823989
   14.504504505    0.000066177    0.000228975    0.000799467
   14.519519520    0.000066581    0.000224342    0.000776130
   14.534534535    0.000067612    0.000222119    0.000753906
   14.549549550    0.000069371    0.000222397    0.000732724
   14.564564565    0.000072011    0.000225393    0.000712523
   14.579579580    0.000075764    0.000231476    0.000693243
   14.594594595    0.000080973    0.000241224    0.000674830
   14.609609610    0.000088153    0.000255509    0.000657234
   14.624624625    0.000098082    0.000275627    0.000640409
   14.639639640    0.000111938    0.000303505    0.000624311
   14.654654655    0.000131468    0.000341973    0.000608901
   14.669669670    0.000159040    0.000395006    0.000594140
   14.684684685    0.000196925    0.000467382    0.000579993
   14.699699700    0.000244013    0.000562130    0.000566429
   14.714714715    0.000288994    0.000674608    0.000553417
   14.729729730    0.000311681    0.000793605    0.000540929
   14.744744745    0.000308241    0.000926447    0.000528938
   14.759759760    0.000300551    0.001111471    0.000517419
   14.774774775    0.000309219    0.001387153    0.000506350
   14.789789790    0.000338684    0.001750677    0.000495708
   14.804804805    0.000373876    0.002095919    0.000485473
   14.819819820    0.000381468    0.002203760    0.000475625
   14.834834835    0.000342426    0.001972024    0.000466148
   14.849849850    0.000278282    0.001569097    0.000457024
   14.864864865    0.000217551    0.001188639    0.000448237
   14.879879880    0.000170722    0.000897664    0.000439772
   14.894894895    0.000136987    0.000689994    0.000431615
   14.909909910    0.000112920    0.000543328    0.000423753
   14.924924925    0.000095515    0.000438425    0.000416174
   14.939939940    0.000082656    0.000361817    0.000408865
   14.954954955    0.000072935    0.000304596    0.000401815
   14.969969970    0.000065422    0.000260915    0.000395015
   14.984984985    0.000059495    0.000226889    0.000388453
   15.000000000    0.000054734    0.000199898    0.000382121
