# energy grid [eV]     epsr_x  epsr_y  epsr_z
#
    0.000000000    1.011953120    1.012027694    1.007996172
    0.015015015    1.011953220    1.012027793    1.007996191
    0.030030030    1.011953518    1.012028092    1.007996246
    0.045045045    1.011954014    1.012028589    1.007996337
    0.060060060    1.011954710    1.012029285    1.007996466
    0.075075075    1.011955604    1.012030181    1.007996630
    0.090090090    1.011956697    1.012031275    1.007996832
    0.105105105    1.011957990    1.012032569    1.007997070
    0.120120120    1.011959481    1.012034062    1.007997345
    0.135135135    1.011961172    1.012035755    1.007997657
    0.150150150    1.011963062    1.012037647    1.007998005
    0.165165165    1.011965152    1.012039740    1.007998390
    0.180180180    1.011967441    1.012042032    1.007998812
    0.195195195    1.011969931    1.012044525    1.007999270
    0.210210210    1.011972622    1.012047219    1.007999765
    0.225225225    1.011975513    1.012050114    1.008000297
    0.240240240    1.011978605    1.012053209    1.008000866
    0.255255255    1.011981898    1.012056507    1.008001472
    0.270270270    1.011985394    1.012060006    1.008002114
    0.285285285    1.011989091    1.012063708    1.008002793
    0.300300300    1.011992990    1.012067612    1.008003509
    0.315315315    1.011997093    1.012071719    1.008004262
    0.330330330    1.012001399    1.012076030    1.008005052
    0.345345345    1.012005908    1.012080545    1.008005879
    0.360360360    1.012010622    1.012085265    1.008006743
    0.375375375    1.012015540    1.012090189    1.008007643
    0.390390390    1.012020664    1.012095319    1.008008581
    0.405405405    1.012025993    1.012100655    1.008009556
    0.420420420    1.012031529    1.012106197    1.008010568
    0.435435435    1.012037272    1.012111947    1.008011617
    0.450450450    1.012043222    1.012117904    1.008012703
    0.465465465    1.012049381    1.012124070    1.008013826
    0.480480480    1.012055748    1.012130445    1.008014987
    0.495495495    1.012062325    1.012137030    1.008016185
    0.510510511    1.012069113    1.012143825    1.008017420
    0.525525526    1.012076111    1.012150832    1.008018692
    0.540540541    1.012083321    1.012158050    1.008020002
    0.555555556    1.012090744    1.012165482    1.008021349
    0.570570571    1.012098379    1.012173127    1.008022734
    0.585585586    1.012106229    1.012180986    1.008024156
    0.600600601    1.012114295    1.012189060    1.008025616
    0.615615616    1.012122575    1.012197351    1.008027114
    0.630630631    1.012131073    1.012205859    1.008028649
    0.645645646    1.012139789    1.012214585    1.008030222
    0.660660661    1.012148723    1.012223530    1.008031832
    0.675675676    1.012157877    1.012232694    1.008033481
    0.690690691    1.012167252    1.012242080    1.008035167
    0.705705706    1.012176848    1.012251687    1.008036891
    0.720720721    1.012186667    1.012261518    1.008038653
    0.735735736    1.012196710    1.012271573    1.008040453
    0.750750751    1.012206978    1.012281853    1.008042292
    0.765765766    1.012217472    1.012292359    1.008044168
    0.780780781    1.012228194    1.012303093    1.008046083
    0.795795796    1.012239144    1.012314056    1.008048036
    0.810810811    1.012250324    1.012325249    1.008050027
    0.825825826    1.012261735    1.012336673    1.008052057
    0.840840841    1.012273378    1.012348330    1.008054125
    0.855855856    1.012285255    1.012360220    1.008056232
    0.870870871    1.012297367    1.012372346    1.008058378
    0.885885886    1.012309716    1.012384709    1.008060562
    0.900900901    1.012322302    1.012397310    1.008062785
    0.915915916    1.012335127    1.012410150    1.008065047
    0.930930931    1.012348193    1.012423231    1.008067348
    0.945945946    1.012361502    1.012436555    1.008069687
    0.960960961    1.012375054    1.012450122    1.008072066
    0.975975976    1.012388852    1.012463936    1.008074484
    0.990990991    1.012402897    1.012477996    1.008076942
    1.006006006    1.012417190    1.012492306    1.008079438
    1.021021021    1.012431734    1.012506866    1.008081974
    1.036036036    1.012446530    1.012521679    1.008084550
    1.051051051    1.012461579    1.012536745    1.008087165
    1.066066066    1.012476885    1.012552068    1.008089820
    1.081081081    1.012492448    1.012567648    1.008092514
    1.096096096    1.012508270    1.012583488    1.008095249
    1.111111111    1.012524353    1.012599589    1.008098023
    1.126126126    1.012540700    1.012615954    1.008100838
    1.141141141    1.012557311    1.012632584    1.008103693
    1.156156156    1.012574190    1.012649482    1.008106587
    1.171171171    1.012591339    1.012666649    1.008109523
    1.186186186    1.012608758    1.012684088    1.008112498
    1.201201201    1.012626452    1.012701801    1.008115515
    1.216216216    1.012644421    1.012719790    1.008118572
    1.231231231    1.012662668    1.012738057    1.008121669
    1.246246246    1.012681195    1.012756604    1.008124808
    1.261261261    1.012700005    1.012775435    1.008127988
    1.276276276    1.012719100    1.012794550    1.008131208
    1.291291291    1.012738482    1.012813954    1.008134470
    1.306306306    1.012758154    1.012833647    1.008137774
    1.321321321    1.012778119    1.012853633    1.008141118
    1.336336336    1.012798379    1.012873915    1.008144505
    1.351351351    1.012818936    1.012894494    1.008147933
    1.366366366    1.012839793    1.012915374    1.008151402
    1.381381381    1.012860954    1.012936557    1.008154914
    1.396396396    1.012882420    1.012958046    1.008158468
    1.411411411    1.012904195    1.012979844    1.008162064
    1.426426426    1.012926282    1.013001954    1.008165702
    1.441441441    1.012948683    1.013024379    1.008169383
    1.456456456    1.012971402    1.013047121    1.008173106
    1.471471471    1.012994441    1.013070185    1.008176872
    1.486486486    1.013017804    1.013093572    1.008180681
    1.501501502    1.013041493    1.013117286    1.008184533
    1.516516517    1.013065513    1.013141331    1.008188428
    1.531531532    1.013089866    1.013165710    1.008192366
    1.546546547    1.013114556    1.013190425    1.008196348
    1.561561562    1.013139587    1.013215481    1.008200373
    1.576576577    1.013164961    1.013240881    1.008204442
    1.591591592    1.013190682    1.013266629    1.008208555
    1.606606607    1.013216755    1.013292728    1.008212712
    1.621621622    1.013243182    1.013319182    1.008216913
    1.636636637    1.013269968    1.013345995    1.008221158
    1.651651652    1.013297116    1.013373170    1.008225448
    1.666666667    1.013324630    1.013400712    1.008229782
    1.681681682    1.013352515    1.013428625    1.008234161
    1.696696697    1.013380774    1.013456912    1.008238585
    1.711711712    1.013409412    1.013485579    1.008243055
    1.726726727    1.013438433    1.013514628    1.008247569
    1.741741742    1.013467841    1.013544065    1.008252129
    1.756756757    1.013497641    1.013573895    1.008256735
    1.771771772    1.013527838    1.013604120    1.008261386
    1.786786787    1.013558435    1.013634747    1.008266084
    1.801801802    1.013589437    1.013665780    1.008270827
    1.816816817    1.013620850    1.013697223    1.008275617
    1.831831832    1.013652679    1.013729082    1.008280454
    1.846846847    1.013684927    1.013761362    1.008285337
    1.861861862    1.013717601    1.013794067    1.008290267
    1.876876877    1.013750706    1.013827203    1.008295244
    1.891891892    1.013784247    1.013860776    1.008300269
    1.906906907    1.013818229    1.013894790    1.008305341
    1.921921922    1.013852658    1.013929251    1.008310460
    1.936936937    1.013887540    1.013964165    1.008315628
    1.951951952    1.013922880    1.013999538    1.008320844
    1.966966967    1.013958684    1.014035375    1.008326108
    1.981981982    1.013994958    1.014071683    1.008331420
    1.996996997    1.014031709    1.014108467    1.008336781
    2.012012012    1.014068942    1.014145735    1.008342191
    2.027027027    1.014106665    1.014183491    1.008347650
    2.042042042    1.014144882    1.014221744    1.008353159
    2.057057057    1.014183603    1.014260499    1.008358717
    2.072072072    1.014222832    1.014299763    1.008364325
    2.087087087    1.014262577    1.014339543    1.008369983
    2.102102102    1.014302845    1.014379847    1.008375691
    2.117117117    1.014343644    1.014420682    1.008381450
    2.132132132    1.014384980    1.014462054    1.008387260
    2.147147147    1.014426862    1.014503972    1.008393120
    2.162162162    1.014469296    1.014546444    1.008399032
    2.177177177    1.014512292    1.014589477    1.008404995
    2.192192192    1.014555856    1.014633079    1.008411010
    2.207207207    1.014599998    1.014677258    1.008417077
    2.222222222    1.014644726    1.014722024    1.008423195
    2.237237237    1.014690048    1.014767384    1.008429367
    2.252252252    1.014735973    1.014813347    1.008435591
    2.267267267    1.014782510    1.014859923    1.008441868
    2.282282282    1.014829668    1.014907121    1.008448199
    2.297297297    1.014877457    1.014954949    1.008454583
    2.312312312    1.014925887    1.015003419    1.008461020
    2.327327327    1.014974967    1.015052539    1.008467512
    2.342342342    1.015024707    1.015102319    1.008474058
    2.357357357    1.015075117    1.015152770    1.008480659
    2.372372372    1.015126209    1.015203903    1.008487315
    2.387387387    1.015177993    1.015255728    1.008494026
    2.402402402    1.015230480    1.015308257    1.008500792
    2.417417417    1.015283681    1.015361499    1.008507614
    2.432432432    1.015337608    1.015415468    1.008514493
    2.447447447    1.015392272    1.015470175    1.008521428
    2.462462462    1.015447687    1.015525633    1.008528419
    2.477477477    1.015503863    1.015581852    1.008535467
    2.492492492    1.015560815    1.015638847    1.008542573
    2.507507508    1.015618554    1.015696630    1.008549737
    2.522522523    1.015677095    1.015755215    1.008556958
    2.537537538    1.015736450    1.015814614    1.008564238
    2.552552553    1.015796635    1.015874843    1.008571577
    2.567567568    1.015857662    1.015935916    1.008578974
    2.582582583    1.015919548    1.015997846    1.008586431
    2.597597598    1.015982306    1.016060650    1.008593948
    2.612612613    1.016045953    1.016124343    1.008601524
    2.627627628    1.016110504    1.016188940    1.008609161
    2.642642643    1.016175975    1.016254458    1.008616859
    2.657657658    1.016242384    1.016320913    1.008624618
    2.672672673    1.016309747    1.016388323    1.008632438
    2.687687688    1.016378081    1.016456704    1.008640320
    2.702702703    1.016447405    1.016526076    1.008648265
    2.717717718    1.016517737    1.016596456    1.008656272
    2.732732733    1.016589095    1.016667863    1.008664342
    2.747747748    1.016661501    1.016740316    1.008672475
    2.762762763    1.016734972    1.016813837    1.008680672
    2.777777778    1.016809530    1.016888444    1.008688934
    2.792792793    1.016885196    1.016964160    1.008697260
    2.807807808    1.016961992    1.017041005    1.008705651
    2.822822823    1.017039939    1.017119002    1.008714108
    2.837837838    1.017119060    1.017198174    1.008722630
    2.852852853    1.017199379    1.017278544    1.008731219
    2.867867868    1.017280920    1.017360136    1.008739874
    2.882882883    1.017363707    1.017442974    1.008748597
    2.897897898    1.017447767    1.017527086    1.008757388
    2.912912913    1.017533125    1.017612495    1.008766246
    2.927927928    1.017619807    1.017699230    1.008775173
    2.942942943    1.017707843    1.017787319    1.008784169
    2.957957958    1.017797260    1.017876789    1.008793235
    2.972972973    1.017888087    1.017967669    1.008802370
    2.987987988    1.017980356    1.018059991    1.008811576
    3.003003003    1.018074096    1.018153786    1.008820853
    3.018018018    1.018169341    1.018249084    1.008830201
    3.033033033    1.018266122    1.018345920    1.008839622
    3.048048048    1.018364474    1.018444327    1.008849115
    3.063063063    1.018464432    1.018544340    1.008858681
    3.078078078    1.018566032    1.018645996    1.008868320
    3.093093093    1.018669312    1.018749331    1.008878034
    3.108108108    1.018774309    1.018854384    1.008887822
    3.123123123    1.018881063    1.018961195    1.008897685
    3.138138138    1.018989615    1.019069804    1.008907624
    3.153153153    1.019100008    1.019180253    1.008917640
    3.168168168    1.019212284    1.019292587    1.008927732
    3.183183183    1.019326489    1.019406849    1.008937902
    3.198198198    1.019442669    1.019523087    1.008948150
    3.213213213    1.019560871    1.019641348    1.008958477
    3.228228228    1.019681146    1.019761682    1.008968882
    3.243243243    1.019803545    1.019884139    1.008979368
    3.258258258    1.019928120    1.020008774    1.008989935
    3.273273273    1.020054926    1.020135639    1.009000582
    3.288288288    1.020184020    1.020264793    1.009011311
    3.303303303    1.020315461    1.020396293    1.009022123
    3.318318318    1.020449308    1.020530201    1.009033018
    3.333333333    1.020585624    1.020666578    1.009043997
    3.348348348    1.020724476    1.020805490    1.009055061
    3.363363363    1.020865928    1.020947004    1.009066209
    3.378378378    1.021010053    1.021091190    1.009077444
    3.393393393    1.021156921    1.021238120    1.009088765
    3.408408408    1.021306608    1.021387869    1.009100174
    3.423423423    1.021459191    1.021540515    1.009111671
    3.438438438    1.021614752    1.021696138    1.009123257
    3.453453453    1.021773373    1.021854822    1.009134932
    3.468468468    1.021935141    1.022016654    1.009146698
    3.483483483    1.022100148    1.022181724    1.009158556
    3.498498498    1.022268486    1.022350126    1.009170505
    3.513513514    1.022440253    1.022521957    1.009182548
    3.528528529    1.022615551    1.022697319    1.009194684
    3.543543544    1.022794484    1.022876316    1.009206914
    3.558558559    1.022977163    1.023059060    1.009219241
    3.573573574    1.023163701    1.023245663    1.009231663
    3.588588589    1.023354218    1.023436246    1.009244183
    3.603603604    1.023548838    1.023630931    1.009256801
    3.618618619    1.023747689    1.023829847    1.009269518
    3.633633634    1.023950906    1.024033130    1.009282335
    3.648648649    1.024158629    1.024240920    1.009295254
    3.663663664    1.024371006    1.024453363    1.009308274
    3.678678679    1.024588189    1.024670612    1.009321397
    3.693693694    1.024810337    1.024892827    1.009334624
    3.708708709    1.025037619    1.025120175    1.009347956
    3.723723724    1.025270208    1.025352832    1.009361395
    3.738738739    1.025508287    1.025590978    1.009374940
    3.753753754    1.025752048    1.025834807    1.009388594
    3.768768769    1.026001691    1.026084517    1.009402357
    3.783783784    1.026257426    1.026340319    1.009416231
    3.798798799    1.026519472    1.026602433    1.009430216
    3.813813814    1.026788060    1.026871089    1.009444314
    3.828828829    1.027063433    1.027146529    1.009458526
    3.843843844    1.027345844    1.027429009    1.009472853
    3.858858859    1.027635561    1.027718794    1.009487297
    3.873873874    1.027932866    1.028016166    1.009501859
    3.888888889    1.028238052    1.028321420    1.009516540
    3.903903904    1.028551432    1.028634868    1.009531341
    3.918918919    1.028873333    1.028956837    1.009546264
    3.933933934    1.029204101    1.029287673    1.009561310
    3.948948949    1.029544100    1.029627740    1.009576480
    3.963963964    1.029893714    1.029977422    1.009591777
    3.978978979    1.030253351    1.030337127    1.009607201
    3.993993994    1.030623440    1.030707284    1.009622754
    4.009009009    1.031004436    1.031088347    1.009638437
    4.024024024    1.031396820    1.031480797    1.009654253
    4.039039039    1.031801101    1.031885146    1.009670202
    4.054054054    1.032217823    1.032301934    1.009686287
    4.069069069    1.032647557    1.032731735    1.009702508
    4.084084084    1.033090916    1.033175160    1.009718868
    4.099099099    1.033548548    1.033632857    1.009735369
    4.114114114    1.034021143    1.034105518    1.009752012
    4.129129129    1.034509439    1.034593878    1.009768799
    4.144144144    1.035014220    1.035098723    1.009785732
    4.159159159    1.035536325    1.035620892    1.009802813
    4.174174174    1.036076650    1.036161279    1.009820044
    4.189189189    1.036636153    1.036720845    1.009837427
    4.204204204    1.037215863    1.037300616    1.009854964
    4.219219219    1.037816880    1.037901693    1.009872656
    4.234234234    1.038440389    1.038525261    1.009890508
    4.249249249    1.039087660    1.039172591    1.009908519
    4.264264264    1.039760064    1.039845053    1.009926694
    4.279279279    1.040459078    1.040544122    1.009945034
    4.294294294    1.041186294    1.041271394    1.009963541
    4.309309309    1.041943438    1.042028591    1.009982219
    4.324324324    1.042732376    1.042817580    1.010001069
    4.339339339    1.043555130    1.043640384    1.010020094
    4.354354354    1.044413901    1.044499203    1.010039298
    4.369369369    1.045311080    1.045396428    1.010058682
    4.384384384    1.046249276    1.046334668    1.010078250
    4.399399399    1.047231336    1.047316770    1.010098005
    4.414414414    1.048260379    1.048345851    1.010117949
    4.429429429    1.049339819    1.049425327    1.010138086
    4.444444444    1.050473411    1.050558952    1.010158419
    4.459459459    1.051665288    1.051750859    1.010178952
    4.474474474    1.052920012    1.053005609    1.010199687
    4.489489489    1.054242627    1.054328246    1.010220629
    4.504504505    1.055638729    1.055724365    1.010241780
    4.519519520    1.057114538    1.057200187    1.010263145
    4.534534535    1.058676989    1.058762647    1.010284728
    4.549549550    1.060333837    1.060419496    1.010306533
    4.564564565    1.062093776    1.062179431    1.010328564
    4.579579580    1.063966588    1.064052232    1.010350824
    4.594594595    1.065963312    1.066048939    1.010373320
    4.609609610    1.068096453    1.068182053    1.010396055
    4.624624625    1.070380223    1.070465788    1.010419034
    4.639639640    1.072830840    1.072916361    1.010442262
    4.654654655    1.075466886    1.075552352    1.010465745
    4.669669670    1.078309737    1.078395136    1.010489488
    4.684684685    1.081384097    1.081469415    1.010513496
    4.699699700    1.084718643    1.084803867    1.010537775
    4.714714715    1.088346826    1.088431940    1.010562332
    4.729729730    1.092307862    1.092392848    1.010587172
    4.744744745    1.096647950    1.096732790    1.010612303
    4.759759760    1.101421802    1.101506473    1.010637731
    4.774774775    1.106694528    1.106779007    1.010663464
    4.789789790    1.112543983    1.112628243    1.010689509
    4.804804805    1.119063631    1.119147644    1.010715873
    4.819819820    1.126366001    1.126449732    1.010742566
    4.834834835    1.134586646    1.134670055    1.010769596
    4.849849850    1.143888293    1.143971332    1.010796972
    4.864864865    1.154464159    1.154546764    1.010824704
    4.879879880    1.166537801    1.166619877    1.010852802
    4.894894895    1.180353083    1.180434474    1.010881276
    4.909909910    1.196138850    1.196219262    1.010910137
    4.924924925    1.214011450    1.214090278    1.010939399
    4.939939940    1.233727011    1.233802931    1.010969072
    4.954954955    1.254076350    1.254146388    1.010999171
    4.969969970    1.271469634    1.271527309    1.011029709
    4.984984985    1.276959783    1.276993069    1.011060702
    5.000000000    1.251845768    1.251843562    1.011092165
    5.015015015    1.169373927    1.169364954    1.011124116
    5.030030030    1.023912154    1.023992027    1.011156572
    5.045045045    0.869247722    0.869435425    1.011189554
    5.060060060    0.770245854    0.770445306    1.011223082
    5.075075075    0.733781605    0.733946192    1.011257178
    5.090090090    0.734073782    0.734210376    1.011291868
    5.105105105    0.749717879    0.749839720    1.011327177
    5.120120120    0.769823016    0.769937839    1.011363133
    5.135135135    0.789859305    0.789970733    1.011399768
    5.150150150    0.808219862    0.808329511    1.011437115
    5.165165165    0.824504760    0.824613360    1.011475212
    5.180180180    0.838775177    0.838883077    1.011514098
    5.195195195    0.851245469    0.851352850    1.011553820
    5.210210210    0.862160609    0.862267579    1.011594425
    5.225225225    0.871750547    0.871857177    1.011635970
    5.240240240    0.880216024    0.880322368    1.011678515
    5.255255255    0.887726859    0.887832959    1.011722131
    5.270270270    0.894424759    0.894530655    1.011766895
    5.285285285    0.900427406    0.900533129    1.011812895
    5.300300300    0.905832508    0.905938088    1.011860234
    5.315315315    0.910721385    0.910826850    1.011909026
    5.330330330    0.915161976    0.915267351    1.011959406
    5.345345345    0.919211304    0.919316610    1.012011530
    5.360360360    0.922917460    0.923022718    1.012065581
    5.375375375    0.926321215    0.926426445    1.012121773
    5.390390390    0.929457308    0.929562528    1.012180359
    5.405405405    0.932355484    0.932460709    1.012241640
    5.420420420    0.935041336    0.935146583    1.012305967
    5.435435435    0.937536989    0.937642271    1.012373751
    5.450450450    0.939861653    0.939966982    1.012445457
    5.465465465    0.942032077    0.942137467    1.012521573
    5.480480480    0.944062928    0.944168391    1.012602516
    5.495495495    0.945967098    0.946072643    1.012688391
    5.510510511    0.947755956    0.947861595    1.012778372
    5.525525526    0.949439572    0.949545313    1.012869221
    5.540540541    0.951026886    0.951132740    1.012951923
    5.555555556    0.952525868    0.952631843    1.013005200
    5.570570571    0.953943640    0.954049744    1.012989026
    5.585585586    0.955286586    0.955392827    1.012861595
    5.600600601    0.956560443    0.956666830    1.012650767
    5.615615616    0.957770385    0.957876924    1.012477752
    5.630630631    0.958921083    0.959027781    1.012421405
    5.645645646    0.960016770    0.960123635    1.012461000
    5.660660661    0.961061286    0.961168324    1.012550568
    5.675675676    0.962058127    0.962165345    1.012660655
    5.690690691    0.963010479    0.963117883    1.012777775
    5.705705706    0.963921252    0.964028849    1.012896818
    5.720720721    0.964793111    0.964900907    1.013016357
    5.735735736    0.965628499    0.965736499    1.013136466
    5.750750751    0.966429659    0.966537870    1.013257805
    5.765765766    0.967198657    0.967307085    1.013381251
    5.780780781    0.967937397    0.968046047    1.013507758
    5.795795796    0.968647635    0.968756514    1.013638321
    5.810810811    0.969330998    0.969440110    1.013773972
    5.825825826    0.969988989    0.970098341    1.013915805
    5.840840841    0.970623004    0.970732602    1.014065000
    5.855855856    0.971234339    0.971344188    1.014222861
    5.870870871    0.971824198    0.971934304    1.014390854
    5.885885886    0.972393704    0.972504072    1.014570656
    5.900900901    0.972943901    0.973054538    1.014764214
    5.915915916    0.973475766    0.973586677    1.014973812
    5.930930931    0.973990210    0.974101401    1.015202156
    5.945945946    0.974488087    0.974599564    1.015452471
    5.960960961    0.974970196    0.975081964    1.015728621
    5.975975976    0.975437284    0.975549350    1.016035227
    5.990990991    0.975890056    0.976002425    1.016377782
    6.006006006    0.976329171    0.976441850    1.016762688
    6.021021021    0.976755249    0.976868244    1.017197068
    6.036036036    0.977168875    0.977282193    1.017688000
    6.051051051    0.977570600    0.977684246    1.018240316
    6.066066066    0.977960942    0.978074923    1.018850912
    6.081081081    0.978340391    0.978454714    1.019494724
    6.096096096    0.978709409    0.978824081    1.020091435
    6.111111111    0.979068433    0.979183461    1.020432569
    6.126126126    0.979417878    0.979533268    1.020056894
    6.141141141    0.979758134    0.979873894    1.018204571
    6.156156156    0.980089573    0.980205710    1.014402535
    6.171171171    0.980412547    0.980529068    1.009761453
    6.186186186    0.980727389    0.980844302    1.006378300
    6.201201201    0.981034416    0.981151730    1.004931696
    6.216216216    0.981333930    0.981451652    1.004769579
    6.231231231    0.981626218    0.981744356    1.005174253
    6.246246246    0.981911551    0.982030114    1.005745402
    6.261261261    0.982190190    0.982309187    1.006323279
    6.276276276    0.982462382    0.982581821    1.006872729
    6.291291291    0.982728362    0.982848253    1.007389030
    6.306306306    0.982988357    0.983108709    1.007864677
    6.321321321    0.983242580    0.983363403    1.008295275
    6.336336336    0.983491237    0.983612541    1.008682044
    6.351351351    0.983734524    0.983856319    1.009029270
    6.366366366    0.983972630    0.984094927    1.009342081
    6.381381381    0.984205732    0.984328543    1.009625396
    6.396396396    0.984434005    0.984557340    1.009883562
    6.411411411    0.984657612    0.984781483    1.010120288
    6.426426426    0.984876712    0.985001131    1.010338695
    6.441441441    0.985091455    0.985216436    1.010541396
    6.456456456    0.985301989    0.985427544    1.010730582
    6.471471471    0.985508453    0.985634595    1.010908095
    6.486486486    0.985710981    0.985837725    1.011075488
    6.501501502    0.985909703    0.986037062    1.011234080
    6.516516517    0.986104743    0.986232733    1.011384996
    6.531531532    0.986296221    0.986424858    1.011529201
    6.546546547    0.986484253    0.986613553    1.011667527
    6.561561562    0.986668950    0.986798930    1.011800697
    6.576576577    0.986850420    0.986981097    1.011929342
    6.591591592    0.987028766    0.987160159    1.012054017
    6.606606607    0.987204089    0.987336217    1.012175210
    6.621621622    0.987376487    0.987509368    1.012293357
    6.636636637    0.987546053    0.987679709    1.012408847
    6.651651652    0.987712878    0.987847331    1.012522033
    6.666666667    0.987877050    0.988012322    1.012633233
    6.681681682    0.988038656    0.988174771    1.012742738
    6.696696697    0.988197778    0.988334761    1.012850818
    6.711711712    0.988354498    0.988492374    1.012957725
    6.726726727    0.988508895    0.988647690    1.013063694
    6.741741742    0.988661044    0.988800788    1.013168952
    6.756756757    0.988811022    0.988951743    1.013273716
    6.771771772    0.988958901    0.989100631    1.013378199
    6.786786787    0.989104754    0.989247525    1.013482612
    6.801801802    0.989248649    0.989392497    1.013587169
    6.816816817    0.989390656    0.989535616    1.013692089
    6.831831832    0.989530843    0.989676953    1.013797601
    6.846846847    0.989669277    0.989816577    1.013903948
    6.861861862    0.989806022    0.989954555    1.014011394
    6.876876877    0.989941144    0.990090954    1.014120227
    6.891891892    0.990074707    0.990225841    1.014230773
    6.906906907    0.990206774    0.990359283    1.014343399
    6.921921922    0.990337410    0.990491346    1.014458528
    6.936936937    0.990466677    0.990622096    1.014576652
    6.951951952    0.990594638    0.990751600    1.014698343
    6.966966967    0.990721357    0.990879926    1.014824269
    6.981981982    0.990846898    0.991007139    1.014955198
    6.996996997    0.990971324    0.991133311    1.015091976
    7.012012012    0.991094700    0.991258509    1.015235447
    7.027027027    0.991217094    0.991382806    1.015386207
    7.042042042    0.991338572    0.991506274    1.015543990
    7.057057057    0.991459202    0.991628988    1.015706122
    7.072072072    0.991579057    0.991751027    1.015863878
    7.087087087    0.991698209    0.991872470    1.015994465
    7.102102102    0.991816733    0.991993402    1.016047182
    7.117117117    0.991934710    0.992113910    1.015937634
    7.132132132    0.992052221    0.992234087    1.015610641
    7.147147147    0.992169354    0.992354031    1.015185532
    7.162162162    0.992286200    0.992473846    1.014897562
    7.177177177    0.992402856    0.992593642    1.014827836
    7.192192192    0.992519428    0.992713539    1.014905767
    7.207207207    0.992636028    0.992833664    1.015051573
    7.222222222    0.992752774    0.992954158    1.015220701
    7.237237237    0.992869800    0.993075172    1.015393767
    7.252252252    0.992987247    0.993196873    1.015563566
    7.267267267    0.993105272    0.993319443    1.015728045
    7.282282282    0.993224050    0.993443086    1.015887170
    7.297297297    0.993343771    0.993568027    1.016041615
    7.312312312    0.993464651    0.993694521    1.016192238
    7.327327327    0.993586931    0.993822853    1.016339875
    7.342342342    0.993710883    0.993953345    1.016485277
    7.357357357    0.993836816    0.994086366    1.016629096
    7.372372372    0.993965085    0.994222339    1.016771890
    7.387387387    0.994096098    0.994361749    1.016914135
    7.402402402    0.994230326    0.994505163    1.017056244
    7.417417417    0.994368319    0.994653239    1.017198572
    7.432432432    0.994510724    0.994806750    1.017341435
    7.447447447    0.994658300    0.994966612    1.017485111
    7.462462462    0.994811952    0.995133909    1.017629852
    7.477477477    0.994972757    0.995309936    1.017775888
    7.492492492    0.995142004    0.995496247    1.017923435
    7.507507508    0.995321238    0.995694703    1.018072694
    7.522522523    0.995512311    0.995907535    1.018223858
    7.537537538    0.995717413    0.996137392    1.018377113
    7.552552553    0.995939082    0.996387351    1.018532643
    7.567567568    0.996180102    0.996660813    1.018690628
    7.582582583    0.996443135    0.996961099    1.018851249
    7.597597598    0.996729710    0.997290298    1.019014692
    7.612612613    0.997037615    0.997646334    1.019181142
    7.627627628    0.997354544    0.998015746    1.019350794
    7.642642643    0.997643256    0.998356790    1.019523847
    7.657657658    0.997810580    0.998563810    1.019700510
    7.672672673    0.997662616    0.998413744    1.019881003
    7.687687688    0.996924004    0.997577486    1.020065556
    7.702702703    0.995521312    0.995924262    1.020254417
    7.717717718    0.993928284    0.993942849    1.020447847
    7.732732733    0.992775633    0.992394570    1.020646128
    7.747747748    0.992269089    0.991627682    1.020849563
    7.762762763    0.992242794    0.991499165    1.021058480
    7.777777778    0.992459718    0.991711932    1.021273235
    7.792792793    0.992765879    0.992056216    1.021494215
    7.807807808    0.993088626    0.992429575    1.021721846
    7.822822823    0.993399627    0.992791004    1.021956595
    7.837837838    0.993690237    0.993127279    1.022198979
    7.852852853    0.993959715    0.993436467    1.022449570
    7.867867868    0.994210189    0.993720792    1.022709005
    7.882882883    0.994444605    0.993983733    1.022977999
    7.897897898    0.994665943    0.994228884    1.023257353
    7.912912913    0.994876948    0.994459559    1.023547975
    7.927927928    0.995080075    0.994678697    1.023850893
    7.942942943    0.995277519    0.994888881    1.024167282
    7.957957958    0.995471265    0.995092394    1.024498489
    7.972972973    0.995663152    0.995291295    1.024846070
    7.987987988    0.995854938    0.995487485    1.025211830
    8.003003003    0.996048357    0.995682775    1.025597874
    8.018018018    0.996245182    0.995878951    1.026006674
    8.033033033    0.996447289    0.996077836    1.026441149
    8.048048048    0.996656719    0.996281351    1.026904766
    8.063063063    0.996875755    0.996491588    1.027401654
    8.078078078    0.997106992    0.996710870    1.027936761
    8.093093093    0.997353412    0.996941824    1.028516008
    8.108108108    0.997618430    0.997187419    1.029146468
    8.123123123    0.997905870    0.997450950    1.029836493
    8.138138138    0.998219725    0.997735850    1.030595679
    8.153153153    0.998563407    0.998045073    1.031434385
    8.168168168    0.998937733    0.998379443    1.032362098
    8.183183183    0.999335867    0.998733503    1.033382980
    8.198198198    0.999731130    0.999085492    1.034484618
    8.213213213    1.000049252    0.999374576    1.035610635
    8.228228228    1.000114858    0.999457101    1.036597068
    8.243243243    0.999597816    0.999063741    1.037041222
    8.258258258    0.998152563    0.997917152    1.036122706
    8.273273273    0.996006879    0.996213143    1.032747949
    8.288288288    0.994155245    0.994760771    1.026904733
    8.303303303    0.993232996    0.994059540    1.021037338
    8.318318318    0.993036723    0.993926548    1.017632354
    8.333333333    0.993127491    0.993984655    1.016725183
    8.348348348    0.993192215    0.993954641    1.017226018
    8.363363363    0.993140412    0.993769061    1.018304475
    8.378378378    0.993105208    0.993602835    1.019550876
    8.393393393    0.993213543    0.993617829    1.020798168
    8.408408408    0.993444730    0.993793415    1.021989034
    8.423423423    0.993728779    0.994044856    1.023111137
    8.438438438    0.994019514    0.994314679    1.024169204
    8.453453453    0.994296880    0.994576953    1.025173561
    8.468468468    0.994554652    0.994822736    1.026135593
    8.483483483    0.994792432    0.995050388    1.027066086
    8.498498498    0.995011931    0.995261024    1.027974739
    8.513513514    0.995215419    0.995456609    1.028870148
    8.528528529    0.995405141    0.995639209    1.029759949
    8.543543544    0.995583109    0.995810723    1.030651013
    8.558558559    0.995751064    0.995972809    1.031549644
    8.573573574    0.995910490    0.996126884    1.032461754
    8.588588589    0.996062643    0.996274149    1.033393028
    8.603603604    0.996208589    0.996415624    1.034349070
    8.618618619    0.996349238    0.996552177    1.035335537
    8.633633634    0.996485367    0.996684551    1.036358279
    8.648648649    0.996617649    0.996813385    1.037423463
    8.663663664    0.996746670    0.996939236    1.038537718
    8.678678679    0.996872943    0.997062592    1.039708284
    8.693693694    0.996996921    0.997183884    1.040943172
    8.708708709    0.997119010    0.997303497    1.042251347
    8.723723724    0.997239574    0.997421776    1.043642909
    8.738738739    0.997358945    0.997539039    1.045129258
    8.753753754    0.997477429    0.997655574    1.046723161
    8.768768769    0.997595308    0.997771652    1.048438521
    8.783783784    0.997712847    0.997887525    1.050289375
    8.798798799    0.997830297    0.998003433    1.052287133
    8.813813814    0.997947897    0.998119608    1.054434845
    8.828828829    0.998065879    0.998236270    1.056721363
    8.843843844    0.998184469    0.998353640    1.059137391
    8.858858859    0.998303890    0.998471932    1.061740797
    8.873873874    0.998424363    0.998591361    1.064669253
    8.888888889    0.998546110    0.998712145    1.067992613
    8.903903904    0.998669357    0.998834504    1.071623525
    8.918918919    0.998794334    0.998958664    1.075341648
    8.933933934    0.998921278    0.999084856    1.078905864
    8.948948949    0.999050433    0.999213324    1.082476618
    8.963963964    0.999182057    0.999344321    1.086859307
    8.978978979    0.999316418    0.999478114    1.092636637
    8.993993994    0.999453802    0.999614985    1.099500885
    9.009009009    0.999594510    0.999755236    1.106369149
    9.024024024    0.999738867    0.999899190    1.110969350
    9.039039039    0.999887219    1.000047193    1.108523349
    9.054054054    1.000039942    1.000199620    1.090825258
    9.069069069    1.000197441    1.000356878    1.051297315
    9.084084084    1.000360157    1.000519411    0.999428672
    9.099099099    1.000528575    1.000687703    0.958862422
    9.114114114    1.000703222    1.000862288    0.940156972
    9.129129129    1.000884683    1.001043752    0.937180261
    9.144144144    1.001073603    1.001232746    0.941641255
    9.159159159    1.001270696    1.001429991    0.948694054
    9.174174174    1.001476760    1.001636293    0.956185378
    9.189189189    1.001692687    1.001852554    0.963298879
    9.204204204    1.001919478    1.002079786    0.969789831
    9.219219219    1.002158259    1.002319133    0.975639409
    9.234234234    1.002410310    1.002571888    0.980909656
    9.249249249    1.002677080    1.002839524    0.985684896
    9.264264264    1.002960227    1.003123726    0.990049237
    9.279279279    1.003261652    1.003426423    0.994078924
    9.294294294    1.003583543    1.003749845    0.997840704
    9.309309309    1.003928436    1.004096573    1.001392477
    9.324324324    1.004299280    1.004469613    1.004784717
    9.339339339    1.004699523    1.004872483    1.008062032
    9.354354354    1.005133221    1.005309324    1.011264660
    9.369369369    1.005605165    1.005785035    1.014429821
    9.384384384    1.006121047    1.006305439    1.017592960
    9.399399399    1.006687662    1.006877491    1.020788902
    9.414414414    1.007313156    1.007509537    1.024052971
    9.429429429    1.008007324    1.008211616    1.027422134
    9.444444444    1.008781959    1.008995816    1.030936214
    9.459459459    1.009651217    1.009876636    1.034639232
    9.474474474    1.010631933    1.010871281    1.038580930
    9.489489489    1.011743662    1.011999643    1.042818506
    9.504504505    1.013007947    1.013283387    1.047418566
    9.519519520    1.014445586    1.014742775    1.052459155
    9.534534535    1.016068957    1.016387908    1.058031487
    9.549549550    1.017862386    1.018196489    1.064240314
    9.564564565    1.019733996    1.020059535    1.071200345
    9.579579580    1.021402281    1.021654500    1.079022499
    9.594594595    1.022152784    1.022179139    1.087775109
    9.609609610    1.020451274    1.019962310    1.097384457
    9.624624625    1.013945848    1.012635303    1.107390598
    9.639639640    1.001676701    0.999763179    1.116371570
    9.654654655    0.987797707    0.986184555    1.120705007
    9.669669670    0.978389313    0.977591694    1.112581342
    9.684684685    0.974690542    0.974511933    1.079921513
    9.699699700    0.974534277    0.974650571    1.017488741
    9.714714715    0.975912686    0.976128467    0.946217209
    9.729729730    0.977767321    0.977994107    0.897601647
    9.744744745    0.979649873    0.979852885    0.878483347
    9.759759760    0.981397973    0.981565461    0.877813921
    9.774774775    0.982968481    0.983097774    0.885186268
    9.789789790    0.984364318    0.984455957    0.895088978
    9.804804805    0.985604132    0.985659467    0.905185960
    9.819819820    0.986710174    0.986730420    0.914634269
    9.834834835    0.987703736    0.987689618    0.923215441
    9.849849850    0.988603692    0.988555337    0.930953980
    9.864864865    0.989426285    0.989343192    0.937959344
    9.879879880    0.990185369    0.990066405    0.944362984
    9.894894895    0.990892789    0.990736184    0.950294740
    9.909909910    0.991558778    0.991362104    0.955874914
    9.924924925    0.992192317    0.991952442    0.961211370
    9.939939940    0.992801460    0.992514482    0.966395380
    9.954954955    0.993393612    0.993054764    0.971489319
    9.969969970    0.993975793    0.993579307    0.976492988
    9.984984985    0.994554868    0.994093812    0.981259213
   10.000000000    0.995137777    0.994603841    0.985297193
   10.015015015    0.995731759    0.995114994    0.987376771
   10.030030030    0.996344557    0.995633072    0.985049613
   10.045045045    0.996984597    0.996164230    0.975357503
   10.060060060    0.997661053    0.996715076    0.959110279
   10.075075075    0.998383615    0.997292648    0.943814541
   10.090090090    0.999161502    0.997904055    0.935691244
   10.105105105    1.000000637    0.998555294    0.934096104
   10.120120120    1.000896338    0.999248047    0.935948817
   10.135135135    1.001815450    0.999971678    0.939099434
   10.150150150    1.002655222    1.000684478    0.942522864
   10.165165165    1.003162035    1.001275233    0.945811215
   10.180180180    1.002840233    1.001513104    0.948830469
   10.195195195    1.001125346    1.001099823    0.951557326
   10.210210210    0.998262228    1.000064825    0.954009495
   10.225225225    0.995741662    0.999083527    0.956217197
   10.240240240    0.994586939    0.998692386    0.958211983
   10.255255255    0.994339767    0.998572387    0.960022710
   10.270270270    0.993861329    0.997838718    0.961674428
   10.285285285    0.991997872    0.995530975    0.963188401
   10.300300300    0.988444995    0.991623108    0.964582521
   10.315315315    0.984684335    0.987814510    0.965871813
   10.330330330    0.982472890    0.985704531    0.967068920
   10.345345345    0.981945233    0.985227113    0.968184517
   10.360360360    0.982374700    0.985634789    0.969227664
   10.375375375    0.983177553    0.986383045    0.970206088
   10.390390390    0.984062556    0.987208782    0.971126419
   10.405405405    0.984912037    0.988007078    0.971994374
   10.420420420    0.985687183    0.988743712    0.972814911
   10.435435435    0.986381251    0.989413094    0.973592352
   10.450450450    0.986999356    0.990020249    0.974330481
   10.465465465    0.987550206    0.990573462    0.975032632
   10.480480480    0.988042866    0.991081411    0.975701751
   10.495495495    0.988485598    0.991552152    0.976340453
   10.510510511    0.988885552    0.991992860    0.976951069
   10.525525526    0.989248775    0.992409865    0.977535688
   10.540540541    0.989580337    0.992808794    0.978096184
   10.555555556    0.989884476    0.993194742    0.978634244
   10.570570571    0.990164744    0.993572447    0.979151396
   10.585585586    0.990424129    0.993946453    0.979649026
   10.600600601    0.990665153    0.994321275    0.980128390
   10.615615616    0.990889960    0.994701557    0.980590639
   10.630630631    0.991100384    0.995092237    0.981036822
   10.645645646    0.991298003    0.995498703    0.981467901
   10.660660661    0.991484181    0.995926940    0.981884759
   10.675675676    0.991660110    0.996383614    0.982288210
   10.690690691    0.991826834    0.996875979    0.982679005
   10.705705706    0.991985271    0.997411345    0.983057838
   10.720720721    0.992136222    0.997995421    0.983425351
   10.735735736    0.992280365    0.998627962    0.983782141
   10.750750751    0.992418204    0.999291946    0.984128762
   10.765765766    0.992549938    0.999927627    0.984465729
   10.780780781    0.992675140    1.000374401    0.984793525
   10.795795796    0.992792158    1.000263668    0.985112599
   10.810810811    0.992897672    0.998937296    0.985423371
   10.825825826    0.992988781    0.995819419    0.985726235
   10.840840841    0.993069630    0.991591542    0.986021560
   10.855855856    0.993151396    0.988190524    0.986309694
   10.870870871    0.993239737    0.986582275    0.986590963
   10.885885886    0.993332204    0.986305290    0.986865674
   10.900900901    0.993424946    0.986666836    0.987134116
   10.915915916    0.993515656    0.987252366    0.987396563
   10.930930931    0.993603578    0.987875741    0.987653273
   10.945945946    0.993688961    0.988465800    0.987904491
   10.960960961    0.993772148    0.989000667    0.988150447
   10.975975976    0.993853181    0.989477887    0.988391362
   10.990990991    0.993932031    0.989902006    0.988627443
   11.006006006    0.994008739    0.990279560    0.988858887
   11.021021021    0.994083400    0.990617114    0.989085884
   11.036036036    0.994156132    0.990920567    0.989308610
   11.051051051    0.994227054    0.991194986    0.989527238
   11.066066066    0.994296284    0.991444631    0.989741928
   11.081081081    0.994363928    0.991673045    0.989952836
   11.096096096    0.994430087    0.991883135    0.990160110
   11.111111111    0.994494850    0.992077201    0.990363891
   11.126126126    0.994558298    0.992256841    0.990564315
   11.141141141    0.994620491    0.992422655    0.990761511
   11.156156156    0.994681469    0.992573716    0.990955603
   11.171171171    0.994741246    0.992707733    0.991146710
   11.186186186    0.994799872    0.992824659    0.991334946
   11.201201201    0.994857514    0.992932060    0.991520422
   11.216216216    0.994914372    0.993039547    0.991703243
   11.231231231    0.994970526    0.993149153    0.991883510
   11.246246246    0.995025978    0.993258135    0.992061321
   11.261261261    0.995080736    0.993364086    0.992236771
   11.276276276    0.995134826    0.993465951    0.992409951
   11.291291291    0.995188290    0.993563512    0.992580948
   11.306306306    0.995241171    0.993656923    0.992749847
   11.321321321    0.995293517    0.993746447    0.992916731
   11.336336336    0.995345375    0.993832364    0.993081679
   11.351351351    0.995396792    0.993914943    0.993244767
   11.366366366    0.995447813    0.993994440    0.993406072
   11.381381381    0.995498486    0.994071087    0.993565664
   11.396396396    0.995548856    0.994145094    0.993723614
   11.411411411    0.995598970    0.994216653    0.993879991
   11.426426426    0.995648874    0.994285935    0.994034862
   11.441441441    0.995698616    0.994353095    0.994188291
   11.456456456    0.995748244    0.994418274    0.994340341
   11.471471471    0.995797808    0.994481599    0.994491075
   11.486486486    0.995847358    0.994543187    0.994640551
   11.501501502    0.995896947    0.994603146    0.994788830
   11.516516517    0.995946630    0.994661573    0.994935969
   11.531531532    0.995996464    0.994718559    0.995082025
   11.546546547    0.996046508    0.994774187    0.995227052
   11.561561562    0.996096826    0.994828535    0.995371106
   11.576576577    0.996147483    0.994881674    0.995514239
   11.591591592    0.996198550    0.994933672    0.995656505
   11.606606607    0.996250104    0.994984591    0.995797954
   11.621621622    0.996302225    0.995034490    0.995938639
   11.636636637    0.996354999    0.995083423    0.996078608
   11.651651652    0.996408521    0.995131442    0.996217913
   11.666666667    0.996462894    0.995178596    0.996356602
   11.681681682    0.996518228    0.995224932    0.996494725
   11.696696697    0.996574645    0.995270492    0.996632330
   11.711711712    0.996632279    0.995315318    0.996769465
   11.726726727    0.996691278    0.995359451    0.996906179
   11.741741742    0.996751804    0.995402927    0.997042518
   11.756756757    0.996814040    0.995445783    0.997178531
   11.771771772    0.996878189    0.995488055    0.997314263
   11.786786787    0.996944478    0.995529774    0.997449764
   11.801801802    0.997013164    0.995570975    0.997585080
   11.816816817    0.997084536    0.995611688    0.997720258
   11.831831832    0.997158923    0.995651944    0.997855347
   11.846846847    0.997236703    0.995691773    0.997990394
   11.861861862    0.997318306    0.995731204    0.998125448
   11.876876877    0.997404229    0.995770267    0.998260557
   11.891891892    0.997495047    0.995808989    0.998395772
   11.906906907    0.997591432    0.995847398    0.998531140
   11.921921922    0.997694167    0.995885523    0.998666715
   11.936936937    0.997804176    0.995923392    0.998802545
   11.951951952    0.997922551    0.995961033    0.998938685
   11.966966967    0.998050590    0.995998475    0.999075187
   11.981981982    0.998189845    0.996035745    0.999212106
   11.996996997    0.998342177    0.996072875    0.999349498
   12.012012012    0.998509828    0.996109892    0.999487422
   12.027027027    0.998695493    0.996146829    0.999625937
   12.042042042    0.998902404    0.996183718    0.999765105
   12.057057057    0.999134392    0.996220591    0.999904990
   12.072072072    0.999395867    0.996257483    1.000045660
   12.087087087    0.999691593    0.996294431    1.000187183
   12.102102102    1.000025914    0.996331472    1.000329630
   12.117117117    1.000400656    0.996368644    1.000473064
   12.132132132    1.000809823    0.996405984    1.000617538
   12.147147147    1.001226677    0.996443524    1.000763058
   12.162162162    1.001573736    0.996481277    1.000909526
   12.177177177    1.001660924    0.996519213    1.001056603
   12.192192192    1.001101115    0.996557225    1.001203534
   12.207207207    0.999378080    0.996595158    1.001349284
   12.222222222    0.996485148    0.996633068    1.001493918
   12.237237237    0.993574732    0.996671492    1.001639977
   12.252252252    0.991820416    0.996710982    1.001790054
   12.267267267    0.991239325    0.996751623    1.001944270
   12.282282282    0.991317021    0.996793290    1.002101610
   12.297297297    0.991661240    0.996835917    1.002261325
   12.312312312    0.992078229    0.996879530    1.002423094
   12.327327327    0.992488745    0.996924214    1.002586844
   12.342342342    0.992865316    0.996970088    1.002752618
   12.357357357    0.993201672    0.997017298    1.002920507
   12.372372372    0.993499563    0.997066008    1.003090625
   12.387387387    0.993763339    0.997116409    1.003263096
   12.402402402    0.993997803    0.997168717    1.003438050
   12.417417417    0.994207421    0.997223176    1.003615621
   12.432432432    0.994396087    0.997280070    1.003795948
   12.447447447    0.994567106    0.997339723    1.003979176
   12.462462462    0.994723254    0.997402511    1.004165454
   12.477477477    0.994866861    0.997468874    1.004354938
   12.492492492    0.994999888    0.997539326    1.004547790
   12.507507508    0.995124001    0.997614472    1.004744181
   12.522522523    0.995240631    0.997695031    1.004944289
   12.537537538    0.995351022    0.997781856    1.005148301
   12.552552553    0.995456275    0.997875971    1.005356415
   12.567567568    0.995557385    0.997978602    1.005568837
   12.582582583    0.995655270    0.998091229    1.005785788
   12.597597598    0.995750800    0.998215629    1.006007499
   12.612612613    0.995844824    0.998353928    1.006234215
   12.627627628    0.995938189    0.998508630    1.006466197
   12.642642643    0.996031766    0.998682580    1.006703721
   12.657657658    0.996126459    0.998878749    1.006947080
   12.672672673    0.996223198    0.999099575    1.007196588
   12.687687688    0.996322892    0.999345232    1.007452578
   12.702702703    0.996426250    0.999609287    1.007715406
   12.717717718    0.996533337    0.999868266    1.007985454
   12.732732733    0.996642508    1.000057971    1.008263129
   12.747747748    0.996748304    1.000028002    1.008548867
   12.762762763    0.996839257    0.999497294    1.008843131
   12.777777778    0.996902808    0.998176784    1.009146403
   12.792792793    0.996946326    0.996271110    1.009459172
   12.807807808    0.997000301    0.994627450    1.009781884
   12.822822823    0.997067647    0.993781084    1.010114832
   12.837837838    0.997090916    0.993578222    1.010457932
   12.852852853    0.996956864    0.993697833    1.010810463
   12.867867868    0.996539341    0.993935184    1.011171498
   12.882882883    0.995871361    0.994196381    1.011542374
   12.897897898    0.995251765    0.994446314    1.011928255
   12.912912913    0.994920604    0.994674486    1.012333523
   12.927927928    0.994847332    0.994878849    1.012758774
   12.942942943    0.994909704    0.995060484    1.013203382
   12.957957958    0.995023536    0.995221773    1.013667369
   12.972972973    0.995148860    0.995365426    1.014151500
   12.987987988    0.995269779    0.995494010    1.014657013
   13.003003003    0.995381051    0.995609780    1.015185440
   13.018018018    0.995481737    0.995714650    1.015738537
   13.033033033    0.995572490    0.995810224    1.016318263
   13.048048048    0.995654446    0.995897835    1.016926791
   13.063063063    0.995728794    0.995978595    1.017566527
   13.078078078    0.995796617    0.996053434    1.018240139
   13.093093093    0.995858851    0.996123129    1.018950596
   13.108108108    0.995916287    0.996188336    1.019701210
   13.123123123    0.995969585    0.996249610    1.020495689
   13.138138138    0.996019298    0.996307425    1.021338196
   13.153153153    0.996065885    0.996362187    1.022233423
   13.168168168    0.996109732    0.996414243    1.023186674
   13.183183183    0.996151164    0.996463898    1.024203972
   13.198198198    0.996190457    0.996511413    1.025292177
   13.213213213    0.996227845    0.996557020    1.026459139
   13.228228228    0.996263528    0.996600921    1.027713875
   13.243243243    0.996297679    0.996643296    1.029066790
   13.258258258    0.996330447    0.996684306    1.030529942
   13.273273273    0.996361963    0.996724093    1.032117379
   13.288288288    0.996392340    0.996762786    1.033845537
   13.303303303    0.996421678    0.996800502    1.035733754
   13.318318318    0.996450066    0.996837346    1.037804890
   13.333333333    0.996477583    0.996873416    1.040086109
   13.348348348    0.996504299    0.996908802    1.042609847
   13.363363363    0.996530277    0.996943587    1.045414997
   13.378378378    0.996555573    0.996977848    1.048548350
   13.393393393    0.996580240    0.997011659    1.052066282
   13.408408408    0.996604322    0.997045090    1.056036579
   13.423423423    0.996627865    0.997078205    1.060540094
   13.438438438    0.996650906    0.997111070    1.065671344
   13.453453453    0.996673481    0.997143747    1.071535906
   13.468468468    0.996695625    0.997176295    1.078239426
   13.483483483    0.996717369    0.997208777    1.085855834
   13.498498498    0.996738742    0.997241251    1.094345099
   13.513513514    0.996759772    0.997273778    1.103350172
   13.528528529    0.996780485    0.997306420    1.111714142
   13.543543544    0.996800907    0.997339239    1.116417337
   13.558558559    0.996821061    0.997372301    1.110728658
   13.573573574    0.996840971    0.997405672    1.083356096
   13.588588589    0.996860661    0.997439424    1.026633745
   13.603603604    0.996880152    0.997473632    0.956069089
   13.618618619    0.996899468    0.997508376    0.903331566
   13.633633634    0.996918631    0.997543742    0.879827006
   13.648648649    0.996937663    0.997579822    0.876238807
   13.663663664    0.996956589    0.997616718    0.881770928
   13.678678679    0.996975432    0.997654539    0.890351049
   13.693693694    0.996994217    0.997693407    0.899324634
   13.708708709    0.997012972    0.997733457    0.907697466
   13.723723724    0.997031723    0.997774837    0.915178676
   13.738738739    0.997050503    0.997817716    0.921753105
   13.753753754    0.997069342    0.997862281    0.927502621
   13.768768769    0.997088279    0.997908746    0.932534119
   13.783783784    0.997107351    0.997957353    0.936951978
   13.798798799    0.997126603    0.998008380    0.940848798
   13.813813814    0.997146086    0.998062145    0.944303474
   13.828828829    0.997165856    0.998119016    0.947382041
   13.843843844    0.997185977    0.998179423    0.950139384
   13.858858859    0.997206524    0.998243865    0.952621058
   13.873873874    0.997227583    0.998312931    0.954864944
   13.888888889    0.997249256    0.998387318    0.956902651
   13.903903904    0.997271662    0.998467851    0.958760666
   13.918918919    0.997294943    0.998555519    0.960461300
   13.933933934    0.997319266    0.998651506    0.962023433
   13.948948949    0.997344835    0.998757236    0.963463128
   13.963963964    0.997371892    0.998874424    0.964794121
   13.978978979    0.997400726    0.999005124    0.966028211
   13.993993994    0.997431679    0.999151768    0.967175584
   14.009009009    0.997465148    0.999317159    0.968245073
   14.024024024    0.997501561    0.999504317    0.969244371
   14.039039039    0.997541314    0.999715990    0.970180205
   14.054054054    0.997584599    0.999953308    0.971058481
   14.069069069    0.997630944    1.000212390    0.971884403
   14.084084084    0.997678128    1.000476078    0.972662573
   14.099099099    0.997719617    1.000694768    0.973397078
   14.114114114    0.997739233    1.000746954    0.974091551
   14.129129129    0.997703545    1.000385826    0.974749242
   14.144144144    0.997566156    0.999284694    0.975373059
   14.159159159    0.997321327    0.997446053    0.975965613
   14.174174174    0.997067008    0.995606338    0.976529258
   14.189189189    0.996912536    0.994503382    0.977066117
   14.204204204    0.996864984    0.994141248    0.977578114
   14.219219219    0.996878929    0.994193372    0.978066991
   14.234234234    0.996918169    0.994412610    0.978534335
   14.249249249    0.996964542    0.994677226    0.978981591
   14.264264264    0.997010559    0.994937508    0.979410078
   14.279279279    0.997053592    0.995176266    0.979821004
   14.294294294    0.997093020    0.995389616    0.980215474
   14.309309309    0.997128980    0.995578704    0.980594504
   14.324324324    0.997161862    0.995746301    0.980959029
   14.339339339    0.997192103    0.995895458    0.981309911
   14.354354354    0.997220116    0.996029012    0.981647943
   14.369369369    0.997246260    0.996149437    0.981973861
   14.384384384    0.997270845    0.996258835    0.982288344
   14.399399399    0.997294137    0.996358974    0.982592023
   14.414414414    0.997316359    0.996451343    0.982885484
   14.429429429    0.997337706    0.996537199    0.983169270
   14.444444444    0.997358350    0.996617617    0.983443889
   14.459459459    0.997378442    0.996693523    0.983709811
   14.474474474    0.997398123    0.996765731    0.983967479
   14.489489489    0.997417524    0.996834967    0.984217303
   14.504504505    0.997436775    0.996901897    0.984459669
   14.519519520    0.997456005    0.996967143    0.984694937
   14.534534535    0.997475348    0.997031306    0.984923446
   14.549549550    0.997494948    0.997094981    0.985145512
   14.564564565    0.997514958    0.997158775    0.985361435
   14.579579580    0.997535548    0.997223322    0.985571493
   14.594594595    0.997556892    0.997289296    0.985775951
   14.609609610    0.997579159    0.997357405    0.985975057
   14.624624625    0.997602454    0.997428366    0.986169046
   14.639639640    0.997626689    0.997502794    0.986358140
   14.654654655    0.997651255    0.997580912    0.986542547
   14.669669670    0.997674281    0.997661847    0.986722464
   14.684684685    0.997691203    0.997742225    0.986898080
   14.699699700    0.997693370    0.997814547    0.987069570
   14.714714715    0.997671889    0.997869936    0.987237103
   14.729729730    0.997633146    0.997911803    0.987400839
   14.744744745    0.997602737    0.997959260    0.987560929
   14.759759760    0.997594682    0.998012111    0.987717516
   14.774774775    0.997598163    0.998023602    0.987870736
   14.789789790    0.997591464    0.997900277    0.988020721
   14.804804805    0.997553669    0.997537692    0.988167593
   14.819819820    0.997484546    0.996966453    0.988311472
   14.834834835    0.997418522    0.996439244    0.988452468
   14.849849850    0.997386472    0.996155553    0.988590690
   14.864864865    0.997386148    0.996087881    0.988726241
   14.879879880    0.997402631    0.996133515    0.988859217
   14.894894895    0.997425308    0.996222150    0.988989713
   14.909909910    0.997449108    0.996320473    0.989117819
   14.924924925    0.997472034    0.996415244    0.989243620
   14.939939940    0.997493451    0.996502095    0.989367198
   14.954954955    0.997513274    0.996580238    0.989488633
   14.969969970    0.997531618    0.996650214    0.989608000
   14.984984985    0.997548651    0.996712964    0.989725371
   15.000000000    0.997564549    0.996769473    0.989840817
