# energy grid [eV]     ieps_x  ieps_y  ieps_z
#
    0.000000000    1.011943985    1.012019721    1.007578450
    0.015015015    1.011943432    1.012019167    1.007578349
    0.030030030    1.011942475    1.012018209    1.007578173
    0.045045045    1.011941317    1.012017049    1.007577961
    0.060060060    1.011939960    1.012015691    1.007577713
    0.075075075    1.011938405    1.012014135    1.007577429
    0.090090090    1.011936653    1.012012380    1.007577109
    0.105105105    1.011934702    1.012010427    1.007576753
    0.120120120    1.011932554    1.012008276    1.007576361
    0.135135135    1.011930208    1.012005928    1.007575934
    0.150150150    1.011927666    1.012003382    1.007575470
    0.165165165    1.011924926    1.012000639    1.007574970
    0.180180180    1.011921990    1.011997699    1.007574435
    0.195195195    1.011918857    1.011994563    1.007573863
    0.210210210    1.011915528    1.011991230    1.007573256
    0.225225225    1.011912004    1.011987701    1.007572613
    0.240240240    1.011908285    1.011983977    1.007571934
    0.255255255    1.011904370    1.011980058    1.007571219
    0.270270270    1.011900261    1.011975944    1.007570469
    0.285285285    1.011895958    1.011971636    1.007569682
    0.300300300    1.011891462    1.011967134    1.007568861
    0.315315315    1.011886772    1.011962438    1.007568003
    0.330330330    1.011881889    1.011957550    1.007567110
    0.345345345    1.011876815    1.011952469    1.007566181
    0.360360360    1.011871548    1.011947197    1.007565216
    0.375375375    1.011866091    1.011941733    1.007564216
    0.390390390    1.011860443    1.011936078    1.007563180
    0.405405405    1.011854605    1.011930233    1.007562109
    0.420420420    1.011848578    1.011924198    1.007561003
    0.435435435    1.011842362    1.011917975    1.007559861
    0.450450450    1.011835958    1.011911563    1.007558683
    0.465465465    1.011829366    1.011904963    1.007557470
    0.480480480    1.011822588    1.011898176    1.007556222
    0.495495495    1.011815624    1.011891203    1.007554939
    0.510510511    1.011808474    1.011884045    1.007553620
    0.525525526    1.011801139    1.011876701    1.007552266
    0.540540541    1.011793621    1.011869173    1.007550877
    0.555555556    1.011785919    1.011861462    1.007549453
    0.570570571    1.011778035    1.011853568    1.007547994
    0.585585586    1.011769969    1.011845493    1.007546500
    0.600600601    1.011761723    1.011837236    1.007544971
    0.615615616    1.011753297    1.011828799    1.007543407
    0.630630631    1.011744691    1.011820183    1.007541808
    0.645645646    1.011735907    1.011811388    1.007540174
    0.660660661    1.011726946    1.011802416    1.007538506
    0.675675676    1.011717808    1.011793266    1.007536803
    0.690690691    1.011708494    1.011783941    1.007535065
    0.705705706    1.011699006    1.011774441    1.007533293
    0.720720721    1.011689344    1.011764767    1.007531486
    0.735735736    1.011679509    1.011754920    1.007529644
    0.750750751    1.011669503    1.011744901    1.007527768
    0.765765766    1.011659325    1.011734710    1.007525858
    0.780780781    1.011648977    1.011724350    1.007523914
    0.795795796    1.011638461    1.011713820    1.007521935
    0.810810811    1.011627777    1.011703122    1.007519922
    0.825825826    1.011616925    1.011692257    1.007517875
    0.840840841    1.011605908    1.011681226    1.007515794
    0.855855856    1.011594726    1.011670030    1.007513679
    0.870870871    1.011583381    1.011658670    1.007511530
    0.885885886    1.011571873    1.011647147    1.007509347
    0.900900901    1.011560203    1.011635463    1.007507130
    0.915915916    1.011548373    1.011623617    1.007504880
    0.930930931    1.011536383    1.011611613    1.007502596
    0.945945946    1.011524235    1.011599449    1.007500279
    0.960960961    1.011511931    1.011587129    1.007497928
    0.975975976    1.011499470    1.011574652    1.007495543
    0.990990991    1.011486854    1.011562020    1.007493125
    1.006006006    1.011474085    1.011549234    1.007490674
    1.021021021    1.011461163    1.011536296    1.007488190
    1.036036036    1.011448091    1.011523206    1.007485673
    1.051051051    1.011434868    1.011509966    1.007483123
    1.066066066    1.011421496    1.011496577    1.007480539
    1.081081081    1.011407976    1.011483040    1.007477923
    1.096096096    1.011394311    1.011469356    1.007475274
    1.111111111    1.011380500    1.011455527    1.007472592
    1.126126126    1.011366545    1.011441554    1.007469878
    1.141141141    1.011352447    1.011427438    1.007467131
    1.156156156    1.011338208    1.011413180    1.007464352
    1.171171171    1.011323828    1.011398782    1.007461540
    1.186186186    1.011309310    1.011384244    1.007458696
    1.201201201    1.011294654    1.011369569    1.007455820
    1.216216216    1.011279862    1.011354757    1.007452912
    1.231231231    1.011264935    1.011339810    1.007449971
    1.246246246    1.011249874    1.011324729    1.007446999
    1.261261261    1.011234680    1.011309515    1.007443995
    1.276276276    1.011219355    1.011294169    1.007440959
    1.291291291    1.011203900    1.011278694    1.007437892
    1.306306306    1.011188317    1.011263090    1.007434793
    1.321321321    1.011172607    1.011247358    1.007431662
    1.336336336    1.011156770    1.011231500    1.007428500
    1.351351351    1.011140809    1.011215517    1.007425307
    1.366366366    1.011124725    1.011199411    1.007422083
    1.381381381    1.011108518    1.011183183    1.007418827
    1.396396396    1.011092192    1.011166834    1.007415541
    1.411411411    1.011075746    1.011150365    1.007412224
    1.426426426    1.011059182    1.011133779    1.007408875
    1.441441441    1.011042501    1.011117075    1.007405497
    1.456456456    1.011025705    1.011100256    1.007402087
    1.471471471    1.011008796    1.011083323    1.007398647
    1.486486486    1.010991774    1.011066278    1.007395177
    1.501501502    1.010974640    1.011049121    1.007391676
    1.516516517    1.010957397    1.011031854    1.007388146
    1.531531532    1.010940046    1.011014478    1.007384585
    1.546546547    1.010922588    1.010996995    1.007380994
    1.561561562    1.010905023    1.010979406    1.007377373
    1.576576577    1.010887355    1.010961713    1.007373723
    1.591591592    1.010869583    1.010943916    1.007370043
    1.606606607    1.010851710    1.010926018    1.007366333
    1.621621622    1.010833737    1.010908019    1.007362594
    1.636636637    1.010815665    1.010889921    1.007358825
    1.651651652    1.010797495    1.010871725    1.007355028
    1.666666667    1.010779229    1.010853433    1.007351201
    1.681681682    1.010760868    1.010835046    1.007347345
    1.696696697    1.010742414    1.010816565    1.007343460
    1.711711712    1.010723868    1.010797992    1.007339547
    1.726726727    1.010705231    1.010779328    1.007335605
    1.741741742    1.010686504    1.010760575    1.007331634
    1.756756757    1.010667690    1.010741733    1.007327635
    1.771771772    1.010648789    1.010722805    1.007323607
    1.786786787    1.010629802    1.010703790    1.007319552
    1.801801802    1.010610732    1.010684692    1.007315468
    1.816816817    1.010591579    1.010665511    1.007311356
    1.831831832    1.010572345    1.010646248    1.007307216
    1.846846847    1.010553031    1.010626905    1.007303049
    1.861861862    1.010533638    1.010607484    1.007298854
    1.876876877    1.010514168    1.010587985    1.007294631
    1.891891892    1.010494622    1.010568409    1.007290381
    1.906906907    1.010475001    1.010548759    1.007286104
    1.921921922    1.010455307    1.010529036    1.007281800
    1.936936937    1.010435541    1.010509240    1.007277468
    1.951951952    1.010415704    1.010489373    1.007273110
    1.966966967    1.010395798    1.010469437    1.007268725
    1.981981982    1.010375824    1.010449432    1.007264313
    1.996996997    1.010355783    1.010429361    1.007259874
    2.012012012    1.010335677    1.010409224    1.007255409
    2.027027027    1.010315506    1.010389022    1.007250918
    2.042042042    1.010295273    1.010368758    1.007246400
    2.057057057    1.010274978    1.010348431    1.007241857
    2.072072072    1.010254622    1.010328044    1.007237287
    2.087087087    1.010234208    1.010307598    1.007232692
    2.102102102    1.010213736    1.010287094    1.007228071
    2.117117117    1.010193207    1.010266533    1.007223424
    2.132132132    1.010172623    1.010245916    1.007218752
    2.147147147    1.010151984    1.010225246    1.007214055
    2.162162162    1.010131293    1.010204522    1.007209332
    2.177177177    1.010110551    1.010183746    1.007204584
    2.192192192    1.010089758    1.010162920    1.007199812
    2.207207207    1.010068916    1.010142045    1.007195014
    2.222222222    1.010048026    1.010121121    1.007190192
    2.237237237    1.010027089    1.010100151    1.007185345
    2.252252252    1.010006107    1.010079135    1.007180474
    2.267267267    1.009985080    1.010058074    1.007175578
    2.282282282    1.009964010    1.010036970    1.007170658
    2.297297297    1.009942898    1.010015824    1.007165714
    2.312312312    1.009921746    1.009994637    1.007160746
    2.327327327    1.009900554    1.009973410    1.007155755
    2.342342342    1.009879323    1.009952144    1.007150739
    2.357357357    1.009858055    1.009930841    1.007145700
    2.372372372    1.009836751    1.009909502    1.007140638
    2.387387387    1.009815412    1.009888127    1.007135552
    2.402402402    1.009794039    1.009866718    1.007130443
    2.417417417    1.009772633    1.009845277    1.007125311
    2.432432432    1.009751196    1.009823803    1.007120157
    2.447447447    1.009729728    1.009802299    1.007114979
    2.462462462    1.009708230    1.009780765    1.007109779
    2.477477477    1.009686704    1.009759202    1.007104556
    2.492492492    1.009665151    1.009737612    1.007099310
    2.507507508    1.009643572    1.009715996    1.007094043
    2.522522523    1.009621967    1.009694354    1.007088753
    2.537537538    1.009600338    1.009672688    1.007083442
    2.552552553    1.009578686    1.009650999    1.007078108
    2.567567568    1.009557013    1.009629288    1.007072753
    2.582582583    1.009535318    1.009607555    1.007067376
    2.597597598    1.009513603    1.009585802    1.007061977
    2.612612613    1.009491869    1.009564030    1.007056557
    2.627627628    1.009470118    1.009542240    1.007051116
    2.642642643    1.009448349    1.009520433    1.007045654
    2.657657658    1.009426564    1.009498610    1.007040171
    2.672672673    1.009404765    1.009476772    1.007034667
    2.687687688    1.009382951    1.009454919    1.007029143
    2.702702703    1.009361125    1.009433053    1.007023598
    2.717717718    1.009339286    1.009411175    1.007018032
    2.732732733    1.009317436    1.009389286    1.007012446
    2.747747748    1.009295576    1.009367386    1.007006840
    2.762762763    1.009273707    1.009345477    1.007001214
    2.777777778    1.009251829    1.009323560    1.006995568
    2.792792793    1.009229944    1.009301635    1.006989902
    2.807807808    1.009208053    1.009279703    1.006984216
    2.822822823    1.009186156    1.009257765    1.006978511
    2.837837838    1.009164254    1.009235822    1.006972787
    2.852852853    1.009142348    1.009213876    1.006967043
    2.867867868    1.009120439    1.009191926    1.006961281
    2.882882883    1.009098528    1.009169974    1.006955499
    2.897897898    1.009076616    1.009148020    1.006949698
    2.912912913    1.009054703    1.009126066    1.006943879
    2.927927928    1.009032791    1.009104112    1.006938041
    2.942942943    1.009010880    1.009082160    1.006932185
    2.957957958    1.008988970    1.009060209    1.006926310
    2.972972973    1.008967064    1.009038260    1.006920417
    2.987987988    1.008945162    1.009016315    1.006914506
    3.003003003    1.008923263    1.008994375    1.006908577
    3.018018018    1.008901370    1.008972439    1.006902630
    3.033033033    1.008879483    1.008950510    1.006896666
    3.048048048    1.008857603    1.008928587    1.006890684
    3.063063063    1.008835730    1.008906671    1.006884684
    3.078078078    1.008813866    1.008884763    1.006878668
    3.093093093    1.008792010    1.008862864    1.006872634
    3.108108108    1.008770164    1.008840975    1.006866583
    3.123123123    1.008748329    1.008819096    1.006860515
    3.138138138    1.008726505    1.008797228    1.006854431
    3.153153153    1.008704692    1.008775372    1.006848330
    3.168168168    1.008682893    1.008753528    1.006842212
    3.183183183    1.008661106    1.008731698    1.006836078
    3.198198198    1.008639333    1.008709881    1.006829928
    3.213213213    1.008617575    1.008688078    1.006823761
    3.228228228    1.008595832    1.008666291    1.006817579
    3.243243243    1.008574105    1.008644519    1.006811381
    3.258258258    1.008552395    1.008622764    1.006805167
    3.273273273    1.008530702    1.008601026    1.006798937
    3.288288288    1.008509027    1.008579305    1.006792692
    3.303303303    1.008487370    1.008557603    1.006786432
    3.318318318    1.008465732    1.008535920    1.006780157
    3.333333333    1.008444114    1.008514256    1.006773866
    3.348348348    1.008422516    1.008492613    1.006767560
    3.363363363    1.008400939    1.008470990    1.006761240
    3.378378378    1.008379383    1.008449388    1.006754905
    3.393393393    1.008357849    1.008427809    1.006748555
    3.408408408    1.008336338    1.008406251    1.006742191
    3.423423423    1.008314850    1.008384717    1.006735813
    3.438438438    1.008293386    1.008363206    1.006729420
    3.453453453    1.008271946    1.008341720    1.006723014
    3.468468468    1.008250530    1.008320258    1.006716593
    3.483483483    1.008229140    1.008298821    1.006710159
    3.498498498    1.008207776    1.008277410    1.006703711
    3.513513514    1.008186438    1.008256025    1.006697249
    3.528528529    1.008165127    1.008234666    1.006690774
    3.543543544    1.008143843    1.008213335    1.006684286
    3.558558559    1.008122587    1.008192031    1.006677784
    3.573573574    1.008101359    1.008170756    1.006671270
    3.588588589    1.008080160    1.008149509    1.006664742
    3.603603604    1.008058991    1.008128292    1.006658202
    3.618618619    1.008037851    1.008107104    1.006651649
    3.633633634    1.008016741    1.008085946    1.006645083
    3.648648649    1.007995661    1.008064818    1.006638506
    3.663663664    1.007974613    1.008043721    1.006631915
    3.678678679    1.007953596    1.008022656    1.006625313
    3.693693694    1.007932611    1.008001622    1.006618698
    3.708708709    1.007911658    1.007980621    1.006612072
    3.723723724    1.007890738    1.007959652    1.006605434
    3.738738739    1.007869851    1.007938716    1.006598784
    3.753753754    1.007848997    1.007917813    1.006592122
    3.768768769    1.007828178    1.007896945    1.006585449
    3.783783784    1.007807392    1.007876110    1.006578765
    3.798798799    1.007786642    1.007855310    1.006572069
    3.813813814    1.007765926    1.007834545    1.006565362
    3.828828829    1.007745246    1.007813815    1.006558645
    3.843843844    1.007724601    1.007793121    1.006551916
    3.858858859    1.007703993    1.007772462    1.006545177
    3.873873874    1.007683420    1.007751840    1.006538427
    3.888888889    1.007662885    1.007731255    1.006531667
    3.903903904    1.007642387    1.007710707    1.006524896
    3.918918919    1.007621926    1.007690196    1.006518115
    3.933933934    1.007601503    1.007669722    1.006511324
    3.948948949    1.007581118    1.007649287    1.006504523
    3.963963964    1.007560771    1.007628889    1.006497712
    3.978978979    1.007540464    1.007608531    1.006490891
    3.993993994    1.007520194    1.007588211    1.006484061
    4.009009009    1.007499965    1.007567930    1.006477221
    4.024024024    1.007479774    1.007547689    1.006470371
    4.039039039    1.007459624    1.007527488    1.006463513
    4.054054054    1.007439514    1.007507326    1.006456645
    4.069069069    1.007419444    1.007487205    1.006449767
    4.084084084    1.007399414    1.007467124    1.006442881
    4.099099099    1.007379426    1.007447084    1.006435986
    4.114114114    1.007359478    1.007427085    1.006429083
    4.129129129    1.007339572    1.007407127    1.006422170
    4.144144144    1.007319708    1.007387211    1.006415249
    4.159159159    1.007299885    1.007367336    1.006408320
    4.174174174    1.007280104    1.007347504    1.006401382
    4.189189189    1.007260366    1.007327713    1.006394437
    4.204204204    1.007240670    1.007307965    1.006387483
    4.219219219    1.007221017    1.007288260    1.006380521
    4.234234234    1.007201407    1.007268597    1.006373551
    4.249249249    1.007181840    1.007248978    1.006366574
    4.264264264    1.007162316    1.007229402    1.006359589
    4.279279279    1.007142836    1.007209869    1.006352596
    4.294294294    1.007123399    1.007190379    1.006345596
    4.309309309    1.007104007    1.007170934    1.006338589
    4.324324324    1.007084658    1.007151532    1.006331574
    4.339339339    1.007065354    1.007132175    1.006324552
    4.354354354    1.007046094    1.007112862    1.006317524
    4.369369369    1.007026878    1.007093593    1.006310488
    4.384384384    1.007007708    1.007074369    1.006303446
    4.399399399    1.006988582    1.007055190    1.006296397
    4.414414414    1.006969501    1.007036056    1.006289341
    4.429429429    1.006950465    1.007016967    1.006282279
    4.444444444    1.006931475    1.006997923    1.006275211
    4.459459459    1.006912530    1.006978925    1.006268136
    4.474474474    1.006893631    1.006959972    1.006261056
    4.489489489    1.006874777    1.006941064    1.006253969
    4.504504505    1.006855970    1.006922203    1.006246876
    4.519519520    1.006837208    1.006903387    1.006239777
    4.534534535    1.006818492    1.006884617    1.006232673
    4.549549550    1.006799823    1.006865894    1.006225563
    4.564564565    1.006781200    1.006847216    1.006218448
    4.579579580    1.006762623    1.006828585    1.006211327
    4.594594595    1.006744093    1.006810001    1.006204201
    4.609609610    1.006725609    1.006791463    1.006197069
    4.624624625    1.006707172    1.006772971    1.006189933
    4.639639640    1.006688782    1.006754527    1.006182791
    4.654654655    1.006670439    1.006736129    1.006175645
    4.669669670    1.006652143    1.006717778    1.006168493
    4.684684685    1.006633894    1.006699474    1.006161337
    4.699699700    1.006615692    1.006681217    1.006154177
    4.714714715    1.006597537    1.006663007    1.006147011
    4.729729730    1.006579429    1.006644845    1.006139842
    4.744744745    1.006561369    1.006626729    1.006132668
    4.759759760    1.006543356    1.006608661    1.006125489
    4.774774775    1.006525390    1.006590640    1.006118307
    4.789789790    1.006507472    1.006572667    1.006111121
    4.804804805    1.006489602    1.006554741    1.006103930
    4.819819820    1.006471779    1.006536863    1.006096736
    4.834834835    1.006454004    1.006519033    1.006089538
    4.849849850    1.006436277    1.006501250    1.006082336
    4.864864865    1.006418597    1.006483514    1.006075131
    4.879879880    1.006400965    1.006465827    1.006067922
    4.894894895    1.006383381    1.006448187    1.006060710
    4.909909910    1.006365845    1.006430595    1.006053495
    4.924924925    1.006348356    1.006413050    1.006046276
    4.939939940    1.006330916    1.006395554    1.006039054
    4.954954955    1.006313523    1.006378105    1.006031829
    4.969969970    1.006296178    1.006360705    1.006024602
    4.984984985    1.006278882    1.006343352    1.006017371
    5.000000000    1.006261633    1.006326047    1.006010138
    5.015015015    1.006244432    1.006308790    1.006002902
    5.030030030    1.006227279    1.006291581    1.005995663
    5.045045045    1.006210175    1.006274420    1.005988422
    5.060060060    1.006193118    1.006257306    1.005981178
    5.075075075    1.006176109    1.006240241    1.005973932
    5.090090090    1.006159148    1.006223224    1.005966684
    5.105105105    1.006142235    1.006206254    1.005959434
    5.120120120    1.006125371    1.006189333    1.005952182
    5.135135135    1.006108554    1.006172460    1.005944928
    5.150150150    1.006091785    1.006155634    1.005937672
    5.165165165    1.006075064    1.006138856    1.005930414
    5.180180180    1.006058391    1.006122127    1.005923154
    5.195195195    1.006041766    1.006105445    1.005915893
    5.210210210    1.006025189    1.006088811    1.005908630
    5.225225225    1.006008660    1.006072224    1.005901365
    5.240240240    1.005992178    1.006055686    1.005894100
    5.255255255    1.005975745    1.006039195    1.005886833
    5.270270270    1.005959359    1.006022753    1.005879564
    5.285285285    1.005943021    1.006006358    1.005872295
    5.300300300    1.005926731    1.005990010    1.005865025
    5.315315315    1.005910488    1.005973710    1.005857753
    5.330330330    1.005894294    1.005957458    1.005850481
    5.345345345    1.005878147    1.005941254    1.005843208
    5.360360360    1.005862047    1.005925097    1.005835934
    5.375375375    1.005845995    1.005908988    1.005828659
    5.390390390    1.005829991    1.005892926    1.005821384
    5.405405405    1.005814034    1.005876911    1.005814108
    5.420420420    1.005798124    1.005860944    1.005806832
    5.435435435    1.005782262    1.005845024    1.005799556
    5.450450450    1.005766447    1.005829152    1.005792279
    5.465465465    1.005750680    1.005813327    1.005785002
    5.480480480    1.005734959    1.005797549    1.005777725
    5.495495495    1.005719286    1.005781818    1.005770448
    5.510510511    1.005703660    1.005766134    1.005763171
    5.525525526    1.005688081    1.005750497    1.005755894
    5.540540541    1.005672550    1.005734907    1.005748617
    5.555555556    1.005657065    1.005719365    1.005741340
    5.570570571    1.005641626    1.005703869    1.005734064
    5.585585586    1.005626235    1.005688419    1.005726788
    5.600600601    1.005610891    1.005673017    1.005719513
    5.615615616    1.005595593    1.005657661    1.005712238
    5.630630631    1.005580342    1.005642352    1.005704964
    5.645645646    1.005565137    1.005627089    1.005697690
    5.660660661    1.005549979    1.005611873    1.005690417
    5.675675676    1.005534867    1.005596703    1.005683145
    5.690690691    1.005519802    1.005581579    1.005675874
    5.705705706    1.005504783    1.005566502    1.005668604
    5.720720721    1.005489810    1.005551470    1.005661335
    5.735735736    1.005474883    1.005536485    1.005654066
    5.750750751    1.005460002    1.005521546    1.005646800
    5.765765766    1.005445167    1.005506653    1.005639534
    5.780780781    1.005430378    1.005491805    1.005632269
    5.795795796    1.005415635    1.005477004    1.005625006
    5.810810811    1.005400938    1.005462248    1.005617745
    5.825825826    1.005386286    1.005447538    1.005610485
    5.840840841    1.005371679    1.005432873    1.005603226
    5.855855856    1.005357119    1.005418254    1.005595969
    5.870870871    1.005342603    1.005403680    1.005588714
    5.885885886    1.005328133    1.005389151    1.005581460
    5.900900901    1.005313708    1.005374668    1.005574209
    5.915915916    1.005299329    1.005360229    1.005566959
    5.930930931    1.005284994    1.005345836    1.005559711
    5.945945946    1.005270704    1.005331487    1.005552465
    5.960960961    1.005256459    1.005317184    1.005545221
    5.975975976    1.005242259    1.005302925    1.005537980
    5.990990991    1.005228103    1.005288710    1.005530740
    6.006006006    1.005213992    1.005274541    1.005523503
    6.021021021    1.005199926    1.005260415    1.005516268
    6.036036036    1.005185904    1.005246334    1.005509036
    6.051051051    1.005171926    1.005232298    1.005501805
    6.066066066    1.005157992    1.005218305    1.005494578
    6.081081081    1.005144103    1.005204357    1.005487353
    6.096096096    1.005130257    1.005190452    1.005480130
    6.111111111    1.005116455    1.005176592    1.005472910
    6.126126126    1.005102698    1.005162775    1.005465693
    6.141141141    1.005088983    1.005149002    1.005458479
    6.156156156    1.005075313    1.005135273    1.005451268
    6.171171171    1.005061686    1.005121587    1.005444059
    6.186186186    1.005048102    1.005107944    1.005436854
    6.201201201    1.005034562    1.005094344    1.005429651
    6.216216216    1.005021065    1.005080788    1.005422451
    6.231231231    1.005007610    1.005067275    1.005415255
    6.246246246    1.004994199    1.005053805    1.005408062
    6.261261261    1.004980831    1.005040378    1.005400872
    6.276276276    1.004967506    1.005026993    1.005393685
    6.291291291    1.004954223    1.005013651    1.005386502
    6.306306306    1.004940982    1.005000352    1.005379322
    6.321321321    1.004927785    1.004987095    1.005372145
    6.336336336    1.004914629    1.004973880    1.005364972
    6.351351351    1.004901516    1.004960708    1.005357803
    6.366366366    1.004888445    1.004947578    1.005350637
    6.381381381    1.004875416    1.004934489    1.005343474
    6.396396396    1.004862428    1.004921443    1.005336316
    6.411411411    1.004849483    1.004908439    1.005329161
    6.426426426    1.004836579    1.004895476    1.005322010
    6.441441441    1.004823717    1.004882555    1.005314863
    6.456456456    1.004810897    1.004869675    1.005307720
    6.471471471    1.004798117    1.004856836    1.005300580
    6.486486486    1.004785379    1.004844039    1.005293445
    6.501501502    1.004772683    1.004831283    1.005286314
    6.516516517    1.004760027    1.004818568    1.005279186
    6.531531532    1.004747412    1.004805894    1.005272063
    6.546546547    1.004734838    1.004793261    1.005264945
    6.561561562    1.004722304    1.004780668    1.005257830
    6.576576577    1.004709812    1.004768116    1.005250720
    6.591591592    1.004697359    1.004755604    1.005243614
    6.606606607    1.004684947    1.004743133    1.005236512
    6.621621622    1.004672575    1.004730702    1.005229415
    6.636636637    1.004660244    1.004718311    1.005222322
    6.651651652    1.004647952    1.004705961    1.005215234
    6.666666667    1.004635701    1.004693650    1.005208150
    6.681681682    1.004623489    1.004681379    1.005201071
    6.696696697    1.004611316    1.004669147    1.005193996
    6.711711712    1.004599184    1.004656955    1.005186927
    6.726726727    1.004587090    1.004644803    1.005179862
    6.741741742    1.004575037    1.004632690    1.005172801
    6.756756757    1.004563022    1.004620616    1.005165746
    6.771771772    1.004551046    1.004608581    1.005158695
    6.786786787    1.004539110    1.004596585    1.005151649
    6.801801802    1.004527212    1.004584628    1.005144609
    6.816816817    1.004515353    1.004572710    1.005137573
    6.831831832    1.004503533    1.004560831    1.005130542
    6.846846847    1.004491751    1.004548990    1.005123516
    6.861861862    1.004480008    1.004537187    1.005116496
    6.876876877    1.004468303    1.004525423    1.005109480
    6.891891892    1.004456636    1.004513697    1.005102470
    6.906906907    1.004445007    1.004502009    1.005095465
    6.921921922    1.004433416    1.004490359    1.005088465
    6.936936937    1.004421863    1.004478747    1.005081470
    6.951951952    1.004410348    1.004467172    1.005074481
    6.966966967    1.004398870    1.004455635    1.005067497
    6.981981982    1.004387430    1.004444136    1.005060519
    6.996996997    1.004376027    1.004432674    1.005053546
    7.012012012    1.004364661    1.004421249    1.005046578
    7.027027027    1.004353333    1.004409862    1.005039616
    7.042042042    1.004342042    1.004398511    1.005032660
    7.057057057    1.004330787    1.004387197    1.005025709
    7.072072072    1.004319569    1.004375921    1.005018764
    7.087087087    1.004308388    1.004364680    1.005011824
    7.102102102    1.004297244    1.004353477    1.005004890
    7.117117117    1.004286136    1.004342310    1.004997962
    7.132132132    1.004275064    1.004331179    1.004991040
    7.147147147    1.004264029    1.004320084    1.004984123
    7.162162162    1.004253029    1.004309026    1.004977212
    7.177177177    1.004242066    1.004298004    1.004970307
    7.192192192    1.004231138    1.004287017    1.004963408
    7.207207207    1.004220247    1.004276066    1.004956515
    7.222222222    1.004209391    1.004265151    1.004949628
    7.237237237    1.004198570    1.004254272    1.004942747
    7.252252252    1.004187785    1.004243427    1.004935872
    7.267267267    1.004177035    1.004232619    1.004929003
    7.282282282    1.004166320    1.004221845    1.004922140
    7.297297297    1.004155641    1.004211106    1.004915283
    7.312312312    1.004144996    1.004200403    1.004908432
    7.327327327    1.004134386    1.004189734    1.004901588
    7.342342342    1.004123811    1.004179100    1.004894749
    7.357357357    1.004113270    1.004168501    1.004887917
    7.372372372    1.004102764    1.004157936    1.004881092
    7.387387387    1.004092293    1.004147405    1.004874272
    7.402402402    1.004081855    1.004136909    1.004867459
    7.417417417    1.004071452    1.004126447    1.004860652
    7.432432432    1.004061083    1.004116019    1.004853852
    7.447447447    1.004050748    1.004105625    1.004847058
    7.462462462    1.004040447    1.004095265    1.004840270
    7.477477477    1.004030179    1.004084939    1.004833489
    7.492492492    1.004019945    1.004074646    1.004826714
    7.507507508    1.004009744    1.004064387    1.004819946
    7.522522523    1.003999577    1.004054161    1.004813184
    7.537537538    1.003989443    1.004043968    1.004806429
    7.552552553    1.003979342    1.004033808    1.004799681
    7.567567568    1.003969274    1.004023682    1.004792939
    7.582582583    1.003959239    1.004013588    1.004786204
    7.597597598    1.003949237    1.004003528    1.004779476
    7.612612613    1.003939268    1.003993500    1.004772754
    7.627627628    1.003929331    1.003983504    1.004766039
    7.642642643    1.003919426    1.003973541    1.004759331
    7.657657658    1.003909554    1.003963611    1.004752629
    7.672672673    1.003899715    1.003953713    1.004745934
    7.687687688    1.003889907    1.003943847    1.004739247
    7.702702703    1.003880131    1.003934013    1.004732566
    7.717717718    1.003870388    1.003924211    1.004725891
    7.732732733    1.003860676    1.003914440    1.004719224
    7.747747748    1.003850996    1.003904702    1.004712564
    7.762762763    1.003841347    1.003894995    1.004705910
    7.777777778    1.003831730    1.003885320    1.004699264
    7.792792793    1.003822144    1.003875676    1.004692624
    7.807807808    1.003812590    1.003866063    1.004685992
    7.822822823    1.003803067    1.003856481    1.004679366
    7.837837838    1.003793575    1.003846931    1.004672748
    7.852852853    1.003784113    1.003837412    1.004666137
    7.867867868    1.003774683    1.003827923    1.004659532
    7.882882883    1.003765283    1.003818465    1.004652935
    7.897897898    1.003755914    1.003809038    1.004646345
    7.912912913    1.003746576    1.003799641    1.004639762
    7.927927928    1.003737267    1.003790275    1.004633187
    7.942942943    1.003727990    1.003780939    1.004626618
    7.957957958    1.003718742    1.003771634    1.004620057
    7.972972973    1.003709524    1.003762358    1.004613503
    7.987987988    1.003700337    1.003753113    1.004606956
    8.003003003    1.003691179    1.003743897    1.004600416
    8.018018018    1.003682051    1.003734711    1.004593884
    8.033033033    1.003672953    1.003725555    1.004587359
    8.048048048    1.003663884    1.003716428    1.004580841
    8.063063063    1.003654845    1.003707331    1.004574331
    8.078078078    1.003645835    1.003698264    1.004567828
    8.093093093    1.003636855    1.003689225    1.004561332
    8.108108108    1.003627903    1.003680216    1.004554844
    8.123123123    1.003618981    1.003671236    1.004548363
    8.138138138    1.003610087    1.003662285    1.004541890
    8.153153153    1.003601223    1.003653363    1.004535424
    8.168168168    1.003592387    1.003644469    1.004528965
    8.183183183    1.003583580    1.003635604    1.004522514
    8.198198198    1.003574801    1.003626768    1.004516071
    8.213213213    1.003566051    1.003617960    1.004509635
    8.228228228    1.003557329    1.003609181    1.004503206
    8.243243243    1.003548635    1.003600430    1.004496785
    8.258258258    1.003539969    1.003591707    1.004490372
    8.273273273    1.003531332    1.003583012    1.004483966
    8.288288288    1.003522722    1.003574345    1.004477568
    8.303303303    1.003514140    1.003565706    1.004471177
    8.318318318    1.003505586    1.003557095    1.004464794
    8.333333333    1.003497060    1.003548511    1.004458418
    8.348348348    1.003488561    1.003539955    1.004452050
    8.363363363    1.003480090    1.003531426    1.004445690
    8.378378378    1.003471645    1.003522925    1.004439337
    8.393393393    1.003463229    1.003514451    1.004432992
    8.408408408    1.003454839    1.003506004    1.004426655
    8.423423423    1.003446476    1.003497584    1.004420326
    8.438438438    1.003438140    1.003489192    1.004414004
    8.453453453    1.003429832    1.003480826    1.004407690
    8.468468468    1.003421549    1.003472487    1.004401383
    8.483483483    1.003413294    1.003464174    1.004395085
    8.498498498    1.003405065    1.003455888    1.004388794
    8.513513514    1.003396862    1.003447629    1.004382511
    8.528528529    1.003388686    1.003439396    1.004376235
    8.543543544    1.003380536    1.003431189    1.004369968
    8.558558559    1.003372413    1.003423009    1.004363708
    8.573573574    1.003364315    1.003414855    1.004357456
    8.588588589    1.003356244    1.003406726    1.004351212
    8.603603604    1.003348198    1.003398624    1.004344976
    8.618618619    1.003340178    1.003390548    1.004338748
    8.633633634    1.003332184    1.003382497    1.004332527
    8.648648649    1.003324215    1.003374472    1.004326314
    8.663663664    1.003316272    1.003366472    1.004320109
    8.678678679    1.003308355    1.003358498    1.004313913
    8.693693694    1.003300462    1.003350550    1.004307723
    8.708708709    1.003292595    1.003342626    1.004301542
    8.723723724    1.003284753    1.003334728    1.004295369
    8.738738739    1.003276937    1.003326855    1.004289204
    8.753753754    1.003269145    1.003319007    1.004283046
    8.768768769    1.003261378    1.003311183    1.004276897
    8.783783784    1.003253635    1.003303385    1.004270755
    8.798798799    1.003245918    1.003295611    1.004264622
    8.813813814    1.003238225    1.003287862    1.004258496
    8.828828829    1.003230557    1.003280138    1.004252379
    8.843843844    1.003222913    1.003272438    1.004246269
    8.858858859    1.003215293    1.003264762    1.004240167
    8.873873874    1.003207698    1.003257111    1.004234074
    8.888888889    1.003200127    1.003249484    1.004227988
    8.903903904    1.003192580    1.003241881    1.004221910
    8.918918919    1.003185056    1.003234302    1.004215841
    8.933933934    1.003177557    1.003226747    1.004209779
    8.948948949    1.003170082    1.003219216    1.004203726
    8.963963964    1.003162630    1.003211709    1.004197680
    8.978978979    1.003155202    1.003204225    1.004191643
    8.993993994    1.003147797    1.003196765    1.004185613
    9.009009009    1.003140416    1.003189328    1.004179592
    9.024024024    1.003133059    1.003181915    1.004173578
    9.039039039    1.003125724    1.003174525    1.004167573
    9.054054054    1.003118413    1.003167158    1.004161576
    9.069069069    1.003111125    1.003159815    1.004155587
    9.084084084    1.003103860    1.003152495    1.004149606
    9.099099099    1.003096618    1.003145197    1.004143633
    9.114114114    1.003089399    1.003137923    1.004137668
    9.129129129    1.003082203    1.003130671    1.004131711
    9.144144144    1.003075029    1.003123442    1.004125762
    9.159159159    1.003067878    1.003116236    1.004119822
    9.174174174    1.003060749    1.003109052    1.004113889
    9.189189189    1.003053643    1.003101891    1.004107965
    9.204204204    1.003046560    1.003094753    1.004102048
    9.219219219    1.003039498    1.003087636    1.004096140
    9.234234234    1.003032459    1.003080542    1.004090240
    9.249249249    1.003025442    1.003073470    1.004084348
    9.264264264    1.003018447    1.003066420    1.004078465
    9.279279279    1.003011474    1.003059392    1.004072589
    9.294294294    1.003004523    1.003052387    1.004066722
    9.309309309    1.002997594    1.003045402    1.004060862
    9.324324324    1.002990686    1.003038440    1.004055011
    9.339339339    1.002983800    1.003031500    1.004049168
    9.354354354    1.002976936    1.003024581    1.004043333
    9.369369369    1.002970093    1.003017683    1.004037506
    9.384384384    1.002963271    1.003010807    1.004031688
    9.399399399    1.002956471    1.003003952    1.004025877
    9.414414414    1.002949692    1.002997119    1.004020075
    9.429429429    1.002942934    1.002990307    1.004014281
    9.444444444    1.002936198    1.002983516    1.004008495
    9.459459459    1.002929482    1.002976746    1.004002717
    9.474474474    1.002922787    1.002969997    1.003996948
    9.489489489    1.002916113    1.002963269    1.003991186
    9.504504505    1.002909460    1.002956562    1.003985433
    9.519519520    1.002902828    1.002949875    1.003979688
    9.534534535    1.002896216    1.002943210    1.003973951
    9.549549550    1.002889625    1.002936565    1.003968222
    9.564564565    1.002883055    1.002929940    1.003962501
    9.579579580    1.002876504    1.002923336    1.003956789
    9.594594595    1.002869974    1.002916752    1.003951085
    9.609609610    1.002863465    1.002910189    1.003945389
    9.624624625    1.002856975    1.002903645    1.003939701
    9.639639640    1.002850506    1.002897122    1.003934021
    9.654654655    1.002844057    1.002890619    1.003928350
    9.669669670    1.002837627    1.002884136    1.003922686
    9.684684685    1.002831218    1.002877673    1.003917031
    9.699699700    1.002824828    1.002871230    1.003911384
    9.714714715    1.002818458    1.002864807    1.003905746
    9.729729730    1.002812108    1.002858403    1.003900115
    9.744744745    1.002805777    1.002852019    1.003894493
    9.759759760    1.002799466    1.002845655    1.003888878
    9.774774775    1.002793175    1.002839310    1.003883272
    9.789789790    1.002786903    1.002832984    1.003877674
    9.804804805    1.002780650    1.002826678    1.003872085
    9.819819820    1.002774416    1.002820391    1.003866503
    9.834834835    1.002768201    1.002814124    1.003860930
    9.849849850    1.002762006    1.002807875    1.003855365
    9.864864865    1.002755830    1.002801646    1.003849808
    9.879879880    1.002749672    1.002795435    1.003844259
    9.894894895    1.002743534    1.002789244    1.003838718
    9.909909910    1.002737414    1.002783071    1.003833186
    9.924924925    1.002731313    1.002776918    1.003827661
    9.939939940    1.002725231    1.002770783    1.003822145
    9.954954955    1.002719167    1.002764666    1.003816637
    9.969969970    1.002713122    1.002758569    1.003811137
    9.984984985    1.002707096    1.002752489    1.003805646
   10.000000000    1.002701087    1.002746429    1.003800162
   10.015015015    1.002695098    1.002740386    1.003794687
   10.030030030    1.002689126    1.002734362    1.003789220
   10.045045045    1.002683173    1.002728357    1.003783761
   10.060060060    1.002677238    1.002722369    1.003778310
   10.075075075    1.002671321    1.002716400    1.003772867
   10.090090090    1.002665422    1.002710448    1.003767433
   10.105105105    1.002659540    1.002704515    1.003762006
   10.120120120    1.002653677    1.002698599    1.003756588
   10.135135135    1.002647832    1.002692702    1.003751178
   10.150150150    1.002642004    1.002686822    1.003745776
   10.165165165    1.002636194    1.002680960    1.003740382
   10.180180180    1.002630402    1.002675116    1.003734996
   10.195195195    1.002624627    1.002669289    1.003729619
   10.210210210    1.002618870    1.002663480    1.003724249
   10.225225225    1.002613130    1.002657688    1.003718888
   10.240240240    1.002607407    1.002651914    1.003713534
   10.255255255    1.002601702    1.002646157    1.003708189
   10.270270270    1.002596014    1.002640417    1.003702852
   10.285285285    1.002590343    1.002634695    1.003697523
   10.300300300    1.002584690    1.002628990    1.003692203
   10.315315315    1.002579053    1.002623302    1.003686890
   10.330330330    1.002573434    1.002617631    1.003681585
   10.345345345    1.002567831    1.002611976    1.003676289
   10.360360360    1.002562245    1.002606339    1.003671000
   10.375375375    1.002556676    1.002600719    1.003665720
   10.390390390    1.002551124    1.002595115    1.003660448
   10.405405405    1.002545588    1.002589529    1.003655183
   10.420420420    1.002540069    1.002583959    1.003649927
   10.435435435    1.002534567    1.002578405    1.003644679
   10.450450450    1.002529081    1.002572868    1.003639439
   10.465465465    1.002523612    1.002567348    1.003634207
   10.480480480    1.002518159    1.002561844    1.003628983
   10.495495495    1.002512722    1.002556356    1.003623768
   10.510510511    1.002507302    1.002550885    1.003618560
   10.525525526    1.002501897    1.002545430    1.003613360
   10.540540541    1.002496509    1.002539991    1.003608168
   10.555555556    1.002491137    1.002534568    1.003602985
   10.570570571    1.002485781    1.002529161    1.003597809
   10.585585586    1.002480441    1.002523771    1.003592641
   10.600600601    1.002475117    1.002518396    1.003587482
   10.615615616    1.002469809    1.002513038    1.003582330
   10.630630631    1.002464517    1.002507695    1.003577187
   10.645645646    1.002459240    1.002502368    1.003572051
   10.660660661    1.002453979    1.002497056    1.003566923
   10.675675676    1.002448734    1.002491761    1.003561804
   10.690690691    1.002443504    1.002486481    1.003556692
   10.705705706    1.002438290    1.002481216    1.003551589
   10.720720721    1.002433091    1.002475967    1.003546493
   10.735735736    1.002427907    1.002470734    1.003541405
   10.750750751    1.002422739    1.002465516    1.003536325
   10.765765766    1.002417587    1.002460313    1.003531254
   10.780780781    1.002412449    1.002455125    1.003526190
   10.795795796    1.002407327    1.002449953    1.003521134
   10.810810811    1.002402220    1.002444796    1.003516086
   10.825825826    1.002397128    1.002439654    1.003511046
   10.840840841    1.002392050    1.002434527    1.003506014
   10.855855856    1.002386988    1.002429416    1.003500990
   10.870870871    1.002381941    1.002424319    1.003495973
   10.885885886    1.002376909    1.002419237    1.003490965
   10.900900901    1.002371891    1.002414170    1.003485965
   10.915915916    1.002366888    1.002409117    1.003480972
   10.930930931    1.002361900    1.002404080    1.003475987
   10.945945946    1.002356927    1.002399057    1.003471011
   10.960960961    1.002351968    1.002394049    1.003466042
   10.975975976    1.002347024    1.002389055    1.003461081
   10.990990991    1.002342094    1.002384076    1.003456128
   11.006006006    1.002337178    1.002379112    1.003451182
   11.021021021    1.002332277    1.002374161    1.003446245
   11.036036036    1.002327391    1.002369226    1.003441315
   11.051051051    1.002322518    1.002364304    1.003436393
   11.066066066    1.002317660    1.002359397    1.003431479
   11.081081081    1.002312816    1.002354504    1.003426573
   11.096096096    1.002307986    1.002349626    1.003421675
   11.111111111    1.002303170    1.002344761    1.003416785
   11.126126126    1.002298369    1.002339911    1.003411902
   11.141141141    1.002293581    1.002335074    1.003407027
   11.156156156    1.002288807    1.002330252    1.003402160
   11.171171171    1.002284047    1.002325443    1.003397300
   11.186186186    1.002279301    1.002320648    1.003392449
   11.201201201    1.002274568    1.002315868    1.003387605
   11.216216216    1.002269850    1.002311101    1.003382769
   11.231231231    1.002265145    1.002306347    1.003377941
   11.246246246    1.002260453    1.002301608    1.003373120
   11.261261261    1.002255776    1.002296882    1.003368307
   11.276276276    1.002251112    1.002292169    1.003363502
   11.291291291    1.002246461    1.002287470    1.003358705
   11.306306306    1.002241823    1.002282785    1.003353915
   11.321321321    1.002237200    1.002278113    1.003349133
   11.336336336    1.002232589    1.002273454    1.003344359
   11.351351351    1.002227992    1.002268809    1.003339593
   11.366366366    1.002223408    1.002264177    1.003334834
   11.381381381    1.002218837    1.002259559    1.003330083
   11.396396396    1.002214279    1.002254953    1.003325339
   11.411411411    1.002209735    1.002250361    1.003320603
   11.426426426    1.002205203    1.002245782    1.003315875
   11.441441441    1.002200685    1.002241216    1.003311155
   11.456456456    1.002196179    1.002236663    1.003306442
   11.471471471    1.002191687    1.002232123    1.003301736
   11.486486486    1.002187207    1.002227596    1.003297039
   11.501501502    1.002182740    1.002223081    1.003292349
   11.516516517    1.002178286    1.002218580    1.003287666
   11.531531532    1.002173845    1.002214091    1.003282991
   11.546546547    1.002169416    1.002209615    1.003278324
   11.561561562    1.002165000    1.002205152    1.003273665
   11.576576577    1.002160597    1.002200702    1.003269012
   11.591591592    1.002156206    1.002196264    1.003264368
   11.606606607    1.002151828    1.002191839    1.003259731
   11.621621622    1.002147462    1.002187426    1.003255102
   11.636636637    1.002143109    1.002183025    1.003250480
   11.651651652    1.002138768    1.002178638    1.003245865
   11.666666667    1.002134439    1.002174262    1.003241259
   11.681681682    1.002130122    1.002169899    1.003236659
   11.696696697    1.002125818    1.002165548    1.003232067
   11.711711712    1.002121526    1.002161210    1.003227483
   11.726726727    1.002117247    1.002156883    1.003222906
   11.741741742    1.002112979    1.002152569    1.003218337
   11.756756757    1.002108724    1.002148267    1.003213775
   11.771771772    1.002104480    1.002143977    1.003209221
   11.786786787    1.002100249    1.002139699    1.003204674
   11.801801802    1.002096029    1.002135434    1.003200134
   11.816816817    1.002091822    1.002131180    1.003195602
   11.831831832    1.002087626    1.002126938    1.003191078
   11.846846847    1.002083442    1.002122708    1.003186560
   11.861861862    1.002079270    1.002118489    1.003182051
   11.876876877    1.002075109    1.002114283    1.003177548
   11.891891892    1.002070961    1.002110088    1.003173053
   11.906906907    1.002066824    1.002105905    1.003168566
   11.921921922    1.002062698    1.002101734    1.003164085
   11.936936937    1.002058585    1.002097575    1.003159612
   11.951951952    1.002054482    1.002093427    1.003155147
   11.966966967    1.002050392    1.002089290    1.003150689
   11.981981982    1.002046312    1.002085165    1.003146238
   11.996996997    1.002042245    1.002081052    1.003141795
   12.012012012    1.002038188    1.002076950    1.003137358
   12.027027027    1.002034143    1.002072859    1.003132929
   12.042042042    1.002030109    1.002068780    1.003128508
   12.057057057    1.002026087    1.002064712    1.003124094
   12.072072072    1.002022075    1.002060655    1.003119687
   12.087087087    1.002018075    1.002056610    1.003115287
   12.102102102    1.002014086    1.002052576    1.003110895
   12.117117117    1.002010109    1.002048553    1.003106510
   12.132132132    1.002006142    1.002044541    1.003102132
   12.147147147    1.002002186    1.002040540    1.003097761
   12.162162162    1.001998241    1.002036550    1.003093398
   12.177177177    1.001994307    1.002032571    1.003089041
   12.192192192    1.001990385    1.002028603    1.003084692
   12.207207207    1.001986473    1.002024647    1.003080351
   12.222222222    1.001982571    1.002020701    1.003076016
   12.237237237    1.001978681    1.002016766    1.003071689
   12.252252252    1.001974802    1.002012841    1.003067368
   12.267267267    1.001970933    1.002008928    1.003063055
   12.282282282    1.001967075    1.002005025    1.003058749
   12.297297297    1.001963227    1.002001133    1.003054451
   12.312312312    1.001959390    1.001997252    1.003050159
   12.327327327    1.001955564    1.001993381    1.003045874
   12.342342342    1.001951748    1.001989521    1.003041597
   12.357357357    1.001947943    1.001985671    1.003037327
   12.372372372    1.001944148    1.001981832    1.003033064
   12.387387387    1.001940364    1.001978004    1.003028808
   12.402402402    1.001936590    1.001974186    1.003024559
   12.417417417    1.001932827    1.001970378    1.003020317
   12.432432432    1.001929073    1.001966581    1.003016082
   12.447447447    1.001925330    1.001962794    1.003011854
   12.462462462    1.001921598    1.001959017    1.003007633
   12.477477477    1.001917875    1.001955251    1.003003420
   12.492492492    1.001914163    1.001951495    1.002999213
   12.507507508    1.001910461    1.001947749    1.002995013
   12.522522523    1.001906769    1.001944013    1.002990821
   12.537537538    1.001903087    1.001940288    1.002986635
   12.552552553    1.001899416    1.001936572    1.002982456
   12.567567568    1.001895754    1.001932867    1.002978285
   12.582582583    1.001892102    1.001929172    1.002974120
   12.597597598    1.001888460    1.001925486    1.002969962
   12.612612613    1.001884828    1.001921811    1.002965811
   12.627627628    1.001881206    1.001918145    1.002961667
   12.642642643    1.001877594    1.001914490    1.002957530
   12.657657658    1.001873992    1.001910844    1.002953400
   12.672672673    1.001870399    1.001907208    1.002949277
   12.687687688    1.001866816    1.001903582    1.002945161
   12.702702703    1.001863243    1.001899966    1.002941052
   12.717717718    1.001859680    1.001896360    1.002936949
   12.732732733    1.001856126    1.001892763    1.002932854
   12.747747748    1.001852582    1.001889176    1.002928765
   12.762762763    1.001849047    1.001885598    1.002924683
   12.777777778    1.001845522    1.001882030    1.002920608
   12.792792793    1.001842006    1.001878472    1.002916540
   12.807807808    1.001838500    1.001874923    1.002912478
   12.822822823    1.001835004    1.001871384    1.002908424
   12.837837838    1.001831517    1.001867854    1.002904376
   12.852852853    1.001828039    1.001864334    1.002900335
   12.867867868    1.001824570    1.001860823    1.002896301
   12.882882883    1.001821111    1.001857321    1.002892274
   12.897897898    1.001817661    1.001853829    1.002888253
   12.912912913    1.001814221    1.001850346    1.002884239
   12.927927928    1.001810790    1.001846873    1.002880232
   12.942942943    1.001807367    1.001843408    1.002876231
   12.957957958    1.001803955    1.001839953    1.002872238
   12.972972973    1.001800551    1.001836507    1.002868251
   12.987987988    1.001797156    1.001833070    1.002864270
   13.003003003    1.001793770    1.001829643    1.002860297
   13.018018018    1.001790394    1.001826224    1.002856330
   13.033033033    1.001787026    1.001822815    1.002852370
   13.048048048    1.001783668    1.001819414    1.002848416
   13.063063063    1.001780318    1.001816023    1.002844469
   13.078078078    1.001776978    1.001812640    1.002840529
   13.093093093    1.001773646    1.001809267    1.002836595
   13.108108108    1.001770323    1.001805902    1.002832668
   13.123123123    1.001767009    1.001802547    1.002828748
   13.138138138    1.001763704    1.001799200    1.002824834
   13.153153153    1.001760407    1.001795862    1.002820927
   13.168168168    1.001757119    1.001792533    1.002817026
   13.183183183    1.001753840    1.001789212    1.002813132
   13.198198198    1.001750570    1.001785900    1.002809245
   13.213213213    1.001747308    1.001782597    1.002805364
   13.228228228    1.001744055    1.001779303    1.002801490
   13.243243243    1.001740811    1.001776018    1.002797622
   13.258258258    1.001737575    1.001772741    1.002793760
   13.273273273    1.001734348    1.001769472    1.002789906
   13.288288288    1.001731129    1.001766212    1.002786057
   13.303303303    1.001727919    1.001762961    1.002782216
   13.318318318    1.001724717    1.001759718    1.002778380
   13.333333333    1.001721524    1.001756484    1.002774551
   13.348348348    1.001718339    1.001753258    1.002770729
   13.363363363    1.001715162    1.001750041    1.002766913
   13.378378378    1.001711994    1.001746832    1.002763104
   13.393393393    1.001708834    1.001743631    1.002759301
   13.408408408    1.001705682    1.001740439    1.002755504
   13.423423423    1.001702539    1.001737255    1.002751714
   13.438438438    1.001699404    1.001734079    1.002747930
   13.453453453    1.001696277    1.001730912    1.002744153
   13.468468468    1.001693158    1.001727753    1.002740382
   13.483483483    1.001690047    1.001724602    1.002736617
   13.498498498    1.001686945    1.001721459    1.002732859
   13.513513514    1.001683851    1.001718324    1.002729107
   13.528528529    1.001680764    1.001715198    1.002725361
   13.543543544    1.001677686    1.001712079    1.002721622
   13.558558559    1.001674616    1.001708969    1.002717889
   13.573573574    1.001671554    1.001705867    1.002714162
   13.588588589    1.001668500    1.001702773    1.002710442
   13.603603604    1.001665453    1.001699686    1.002706728
   13.618618619    1.001662415    1.001696608    1.002703020
   13.633633634    1.001659385    1.001693538    1.002699319
   13.648648649    1.001656362    1.001690475    1.002695624
   13.663663664    1.001653347    1.001687421    1.002691935
   13.678678679    1.001650340    1.001684374    1.002688252
   13.693693694    1.001647341    1.001681336    1.002684576
   13.708708709    1.001644350    1.001678305    1.002680906
   13.723723724    1.001641366    1.001675281    1.002677242
   13.738738739    1.001638390    1.001672266    1.002673584
   13.753753754    1.001635422    1.001669258    1.002669932
   13.768768769    1.001632461    1.001666258    1.002666287
   13.783783784    1.001629509    1.001663266    1.002662648
   13.798798799    1.001626563    1.001660281    1.002659015
   13.813813814    1.001623626    1.001657304    1.002655388
   13.828828829    1.001620695    1.001654335    1.002651767
   13.843843844    1.001617773    1.001651373    1.002648152
   13.858858859    1.001614858    1.001648419    1.002644544
   13.873873874    1.001611950    1.001645472    1.002640942
   13.888888889    1.001609050    1.001642533    1.002637345
   13.903903904    1.001606157    1.001639602    1.002633755
   13.918918919    1.001603272    1.001636678    1.002630171
   13.933933934    1.001600394    1.001633761    1.002626593
   13.948948949    1.001597523    1.001630851    1.002623021
   13.963963964    1.001594660    1.001627950    1.002619455
   13.978978979    1.001591804    1.001625055    1.002615895
   13.993993994    1.001588956    1.001622168    1.002612341
   14.009009009    1.001586115    1.001619288    1.002608794
   14.024024024    1.001583281    1.001616415    1.002605252
   14.039039039    1.001580454    1.001613550    1.002601716
   14.054054054    1.001577634    1.001610692    1.002598186
   14.069069069    1.001574822    1.001607841    1.002594663
   14.084084084    1.001572016    1.001604998    1.002591145
   14.099099099    1.001569218    1.001602161    1.002587633
   14.114114114    1.001566427    1.001599332    1.002584127
   14.129129129    1.001563643    1.001596510    1.002580627
   14.144144144    1.001560867    1.001593695    1.002577133
   14.159159159    1.001558097    1.001590887    1.002573645
   14.174174174    1.001555334    1.001588086    1.002570163
   14.189189189    1.001552578    1.001585292    1.002566687
   14.204204204    1.001549829    1.001582506    1.002563217
   14.219219219    1.001547087    1.001579726    1.002559752
   14.234234234    1.001544352    1.001576953    1.002556293
   14.249249249    1.001541624    1.001574187    1.002552841
   14.264264264    1.001538903    1.001571428    1.002549394
   14.279279279    1.001536189    1.001568676    1.002545953
   14.294294294    1.001533482    1.001565931    1.002542518
   14.309309309    1.001530781    1.001563193    1.002539088
   14.324324324    1.001528087    1.001560462    1.002535665
   14.339339339    1.001525400    1.001557737    1.002532247
   14.354354354    1.001522720    1.001555019    1.002528835
   14.369369369    1.001520046    1.001552308    1.002525429
   14.384384384    1.001517379    1.001549604    1.002522029
   14.399399399    1.001514719    1.001546907    1.002518634
   14.414414414    1.001512066    1.001544216    1.002515246
   14.429429429    1.001509419    1.001541532    1.002511863
   14.444444444    1.001506779    1.001538855    1.002508485
   14.459459459    1.001504145    1.001536184    1.002505114
   14.474474474    1.001501518    1.001533520    1.002501748
   14.489489489    1.001498898    1.001530863    1.002498388
   14.504504505    1.001496284    1.001528212    1.002495033
   14.519519520    1.001493676    1.001525567    1.002491685
   14.534534535    1.001491075    1.001522930    1.002488342
   14.549549550    1.001488481    1.001520298    1.002485004
   14.564564565    1.001485893    1.001517674    1.002481672
   14.579579580    1.001483312    1.001515056    1.002478346
   14.594594595    1.001480737    1.001512444    1.002475026
   14.609609610    1.001478168    1.001509838    1.002471711
   14.624624625    1.001475606    1.001507240    1.002468402
   14.639639640    1.001473050    1.001504647    1.002465098
   14.654654655    1.001470500    1.001502061    1.002461801
   14.669669670    1.001467957    1.001499481    1.002458508
   14.684684685    1.001465420    1.001496908    1.002455221
   14.699699700    1.001462889    1.001494341    1.002451940
   14.714714715    1.001460364    1.001491780    1.002448665
   14.729729730    1.001457846    1.001489226    1.002445395
   14.744744745    1.001455334    1.001486678    1.002442130
   14.759759760    1.001452828    1.001484136    1.002438871
   14.774774775    1.001450329    1.001481600    1.002435618
   14.789789790    1.001447835    1.001479071    1.002432370
   14.804804805    1.001445348    1.001476547    1.002429127
   14.819819820    1.001442867    1.001474030    1.002425890
   14.834834835    1.001440392    1.001471519    1.002422659
   14.849849850    1.001437923    1.001469014    1.002419433
   14.864864865    1.001435460    1.001466516    1.002416213
   14.879879880    1.001433003    1.001464023    1.002412998
   14.894894895    1.001430552    1.001461536    1.002409788
   14.909909910    1.001428107    1.001459056    1.002406584
   14.924924925    1.001425668    1.001456582    1.002403385
   14.939939940    1.001423235    1.001454113    1.002400192
   14.954954955    1.001420809    1.001451651    1.002397004
   14.969969970    1.001418388    1.001449194    1.002393822
   14.984984985    1.001415972    1.001446744    1.002390645
   15.000000000    1.001413563    1.001444299    1.002387473
