 &plot nbnd=   8, nks=    48 /
            0.000000  0.000000  0.000000
  -18.668   -6.721   -2.151   -2.151    3.766    7.133    9.255    9.255
            0.016667  0.028868  0.000000
  -18.648   -6.698   -2.249   -2.196    3.793    7.159    9.247    9.339
            0.033333  0.057735  0.000000
  -18.589   -6.631   -2.490   -2.333    3.873    7.235    9.256    9.545
            0.050000  0.086603  0.000000
  -18.491   -6.522   -2.857   -2.559    4.008    7.360    9.305    9.694
            0.066667  0.115470  0.000000
  -18.353   -6.357   -3.311   -2.842    4.196    7.539    9.402    9.891
            0.083333  0.144338  0.000000
  -18.177   -6.147   -3.843   -3.187    4.437    7.769    9.545   10.134
            0.100000  0.173205  0.000000
  -17.961   -5.892   -4.431   -3.597    4.733    8.047    9.712   10.170
            0.116667  0.202073  0.000000
  -17.707   -5.593   -5.042   -4.045    5.082    8.374    9.499    9.934
            0.133333  0.230940  0.000000
  -17.415   -5.654   -5.250   -4.530    5.484    8.747    8.791   10.206
            0.150000  0.259808  0.000000
  -17.084   -6.270   -5.020   -4.862    5.940    8.071    9.164   10.543
            0.166667  0.288675  0.000000
  -16.718   -6.893   -5.551   -4.438    6.449    7.317    9.619   10.898
            0.183333  0.317543  0.000000
  -16.315   -7.491   -6.078   -3.973    6.572    7.010   10.106   11.304
            0.200000  0.346410  0.000000
  -15.878   -8.067   -6.600   -3.477    5.840    7.624   10.610   11.738
            0.216667  0.375278  0.000000
  -15.408   -8.632   -7.119   -2.954    5.097    8.289   11.105   12.190
            0.233333  0.404145  0.000000
  -14.907   -9.163   -7.614   -2.403    4.408    9.003   11.546   12.666
            0.250000  0.433013  0.000000
  -14.378   -9.665   -8.083   -1.835    3.739    9.766   11.853   13.152
            0.266667  0.461880  0.000000
  -13.827  -10.142   -8.537   -1.259    3.100   10.571   11.956   13.593
            0.283333  0.490748  0.000000
  -13.260  -10.587   -8.949   -0.682    2.497   11.413   11.889   13.846
            0.300000  0.519615  0.000000
  -12.692  -10.999   -9.298   -0.113    1.930   11.750   12.272   13.902
            0.316667  0.548483  0.000000
  -12.158  -11.379   -9.563    0.424    1.406   11.632   13.092   13.840
            0.333333  0.577350  0.000000
  -11.730  -11.730   -9.676    0.920    0.920   11.585   13.651   13.651
            0.300000  0.577350  0.000000
  -12.048  -11.518   -9.533    0.478    1.353   11.639   13.384   13.563
            0.266667  0.577350  0.000000
  -12.339  -11.533   -9.141    0.064    1.706   11.803   13.081   13.222
            0.233333  0.577350  0.000000
  -12.591  -11.661   -8.591   -0.290    1.993   12.076   12.620   12.782
            0.200000  0.577350  0.000000
  -12.810  -11.821   -7.981   -0.590    2.211   11.751   12.433   12.504
            0.166667  0.577350  0.000000
  -12.995  -11.978   -7.366   -0.851    2.364   10.863   12.259   12.441
            0.133333  0.577350  0.000000
  -13.147  -12.117   -6.790   -1.066    2.467   10.029   12.052   12.219
            0.100000  0.577350  0.000000
  -13.265  -12.229   -6.286   -1.227    2.535    9.319   11.888   12.045
            0.066667  0.577350  0.000000
  -13.349  -12.312   -5.892   -1.347    2.571    8.766   11.770   11.920
            0.033333  0.577350  0.000000
  -13.400  -12.361   -5.629   -1.419    2.590    8.418   11.698   11.845
            0.000000  0.577350  0.000000
  -13.416  -12.379   -5.547   -1.443    2.600    8.292   11.675   11.820
            0.000000  0.543388  0.000000
  -13.714  -12.054   -5.535   -1.576    2.757    8.302   10.853   12.683
            0.000000  0.509427  0.000000
  -14.233  -11.443   -5.474   -1.916    3.193    8.332   10.011   12.899
            0.000000  0.475465  0.000000
  -14.769  -10.755   -5.369   -2.372    3.807    8.381    9.222   12.215
            0.000000  0.441503  0.000000
  -15.285  -10.021   -5.229   -2.871    4.535    8.359    8.573   11.554
            0.000000  0.407541  0.000000
  -15.771   -9.270   -5.059   -3.385    5.303    7.759    8.571   10.928
            0.000000  0.373580  0.000000
  -16.227   -8.501   -4.847   -3.890    6.112    7.128    8.664   10.341
            0.000000  0.339618  0.000000
  -16.644   -7.718   -4.598   -4.359    6.548    6.938    8.779    9.804
            0.000000  0.305656  0.000000
  -17.025   -6.944   -4.794   -4.330    6.021    7.744    8.901    9.321
            0.000000  0.271694  0.000000
  -17.366   -6.166   -5.190   -4.035    5.549    8.456    8.965    9.018
            0.000000  0.237732  0.000000
  -17.671   -5.546   -5.419   -3.721    5.131    8.398    9.111    9.393
            0.000000  0.203771  0.000000
  -17.934   -5.856   -4.673   -3.404    4.769    8.079    9.203   10.094
            0.000000  0.169809  0.000000
  -18.158   -6.121   -4.003   -3.094    4.463    7.793    9.245   10.128
            0.000000  0.135847  0.000000
  -18.341   -6.339   -3.392   -2.801    4.212    7.556    9.278    9.890
            0.000000  0.101885  0.000000
  -18.484   -6.509   -2.897   -2.532    4.017    7.371    9.262    9.697
            0.000000  0.067924  0.000000
  -18.587   -6.632   -2.507   -2.337    3.877    7.237    9.246    9.548
            0.000000  0.033962  0.000000
  -18.648   -6.698   -2.262   -2.207    3.794    7.160    9.242    9.338
            0.000000  0.000000  0.000000
  -18.668   -6.721   -2.151   -2.151    3.766    7.133    9.255    9.255
