 &plot nbnd=   8, nks=    39 /
           -0.500000  0.500000  0.500000
   -3.288   -0.779    5.049    5.049    7.902    9.683    9.683   13.881
           -0.450000  0.450000  0.450000
   -3.432   -0.572    5.068    5.068    7.922    9.704    9.704   13.914
           -0.400000  0.400000  0.400000
   -3.786   -0.042    5.124    5.124    7.979    9.768    9.768   13.996
           -0.350000  0.350000  0.350000
   -4.178    0.658    5.216    5.216    8.076    9.838    9.838   14.076
           -0.300000  0.300000  0.300000
   -4.564    1.463    5.343    5.343    8.193    9.883    9.883   13.888
           -0.250000  0.250000  0.250000
   -4.896    2.352    5.506    5.506    8.359    9.856    9.856   13.237
           -0.200000  0.200000  0.200000
   -5.185    3.284    5.693    5.693    8.576    9.708    9.708   12.408
           -0.150000  0.150000  0.150000
   -5.404    4.240    5.896    5.896    8.798    9.460    9.460   11.545
           -0.100000  0.100000  0.100000
   -5.569    5.163    6.091    6.091    8.936    9.183    9.183   10.718
           -0.050000  0.050000  0.050000
   -5.669    5.947    6.241    6.241    8.952    8.964    8.964   10.085
            0.000000  0.000000  0.000000
   -5.693    6.303    6.303    6.303    8.880    8.880    8.880    9.867
            0.000000  0.000000  0.090909
   -5.668    6.084    6.142    6.142    8.788    9.080    9.080   10.076
            0.000000  0.000000  0.181818
   -5.559    5.543    5.778    5.778    8.547    9.579    9.579   10.538
            0.000000  0.000000  0.272727
   -5.376    4.846    5.344    5.344    8.226   10.237   10.237   10.834
            0.000000  0.000000  0.363636
   -5.133    4.069    4.911    4.911    7.871   10.472   10.961   10.961
            0.000000  0.000000  0.454545
   -4.801    3.270    4.513    4.513    7.549    9.798   11.751   11.751
            0.000000  0.000000  0.545455
   -4.407    2.457    4.164    4.164    7.271    9.089   12.569   12.569
            0.000000  0.000000  0.636364
   -3.960    1.592    3.870    3.870    7.040    8.448   13.359   13.359
            0.000000  0.000000  0.727273
   -3.429    0.781    3.642    3.642    6.896    7.912   14.215   14.215
            0.000000  0.000000  0.818182
   -2.854   -0.013    3.475    3.475    6.805    7.485   15.080   15.080
            0.000000  0.000000  0.909091
   -2.201   -0.781    3.375    3.375    6.837    7.166   15.929   15.929
            0.000000  0.000000  1.000000
   -1.513   -1.513    3.341    3.341    6.952    6.952   16.469   16.469
           -0.000000  0.083333  1.000000
   -1.502   -1.502    3.249    3.249    7.122    7.122   16.175   16.175
            0.000000  0.166667  1.000000
   -1.461   -1.461    3.022    3.022    7.584    7.584   15.314   15.314
            0.000000  0.250000  1.000000
   -1.429   -1.429    2.753    2.753    8.237    8.237   14.231   14.231
           -0.000000  0.333333  1.000000
   -1.376   -1.376    2.515    2.515    9.035    9.035   13.140   13.140
            0.000000  0.416667  1.000000
   -1.349   -1.349    2.353    2.353    9.903    9.903   12.080   12.080
            0.000000  0.500000  1.000000
   -1.349   -1.349    2.294    2.294   10.572   10.572   11.336   11.336
            0.000000  0.562500  0.937500
   -1.588   -1.102    2.097    2.619    9.651   10.618   11.827   11.897
            0.000000  0.625000  0.875000
   -1.767   -0.981    1.951    3.091    8.598   10.534   12.528   12.791
            0.000000  0.687500  0.812500
   -1.869   -0.933    1.862    3.564    7.787   10.467   13.284   13.750
            0.000000  0.750000  0.750000
   -1.898   -0.921    1.833    3.782    7.458   10.444   13.875   14.400
           -0.071429  0.714286  0.714286
   -2.171   -0.691    1.831    3.930    7.635   11.208   13.168   13.379
           -0.142857  0.678571  0.678571
   -2.487   -0.545    2.124    4.123    7.887   11.894   12.296   12.482
           -0.214286  0.642857  0.642857
   -2.775   -0.544    2.676    4.349    8.174   11.216   11.487   13.042
           -0.285714  0.607143  0.607143
   -3.008   -0.615    3.375    4.591    8.461   10.322   10.768   13.900
           -0.357143  0.571429  0.571429
   -3.169   -0.695    4.114    4.817    8.529    9.712   10.200   14.315
           -0.428571  0.535714  0.535714
   -3.254   -0.758    4.759    4.986    8.156    9.631    9.816   14.040
           -0.500000  0.500000  0.500000
   -3.288   -0.779    5.049    5.049    7.902    9.683    9.683   13.881
