 &input
    asr = ''            ! Specify the Acoustic Sum Rule
    amass(1) =          ! Specify atomic mass of Al
    amass(2) =          ! Specify atomic mass of As
    flfrc='AlAs444.fc', 
    flfrq='AlAs.freq'
 /
 161
   0.000000    0.000000    0.000000
   0.000000    0.025000    0.000000
   0.000000    0.050000    0.000000
   0.000000    0.075000    0.000000
   0.000000    0.100000    0.000000
   0.000000    0.125000    0.000000
   0.000000    0.150000    0.000000
   0.000000    0.175000    0.000000
   0.000000    0.200000    0.000000
   0.000000    0.225000    0.000000
   0.000000    0.250000    0.000000
   0.000000    0.275000    0.000000
   0.000000    0.300000    0.000000
   0.000000    0.325000    0.000000
   0.000000    0.350000    0.000000
   0.000000    0.375000    0.000000
   0.000000    0.400000    0.000000
   0.000000    0.425000    0.000000
   0.000000    0.450000    0.000000
   0.000000    0.475000    0.000000
   0.000000    0.500000    0.000000
   0.000000    0.525000    0.000000
   0.000000    0.550000    0.000000
   0.000000    0.575000    0.000000
   0.000000    0.600000    0.000000
   0.000000    0.625000    0.000000
   0.000000    0.650000    0.000000
   0.000000    0.675000    0.000000
   0.000000    0.700000    0.000000
   0.000000    0.725000    0.000000
   0.000000    0.750000    0.000000
   0.000000    0.775000    0.000000
   0.000000    0.800000    0.000000
   0.000000    0.825000    0.000000
   0.000000    0.850000    0.000000
   0.000000    0.875000    0.000000
   0.000000    0.900000    0.000000
   0.000000    0.925000    0.000000
   0.000000    0.950000    0.000000
   0.000000    0.975000    0.000000
   0.000000    1.000000    0.000000
   0.025000    1.000000    0.000000
   0.050000    1.000000    0.000000
   0.075000    1.000000    0.000000
   0.100000    1.000000    0.000000
   0.125000    1.000000    0.000000
   0.150000    1.000000    0.000000
   0.175000    1.000000    0.000000
   0.200000    1.000000    0.000000
   0.225000    1.000000    0.000000
   0.250000    1.000000    0.000000
   0.275000    1.000000    0.000000
   0.300000    1.000000    0.000000
   0.325000    1.000000    0.000000
   0.350000    1.000000    0.000000
   0.375000    1.000000    0.000000
   0.400000    1.000000    0.000000
   0.425000    1.000000    0.000000
   0.450000    1.000000    0.000000
   0.475000    1.000000    0.000000
   0.500000    1.000000    0.000000
   0.525000    1.000000    0.000000
   0.550000    1.000000    0.000000
   0.575000    1.000000    0.000000
   0.600000    1.000000    0.000000
   0.625000    1.000000    0.000000
   0.650000    1.000000    0.000000
   0.675000    1.000000    0.000000
   0.700000    1.000000    0.000000
   0.725000    1.000000    0.000000
   0.750000    1.000000    0.000000
   0.775000    1.000000    0.000000
   0.800000    1.000000    0.000000
   0.825000    1.000000    0.000000
   0.850000    1.000000    0.000000
   0.875000    1.000000    0.000000
   0.900000    1.000000    0.000000
   0.925000    1.000000    0.000000
   0.950000    1.000000    0.000000
   0.975000    1.000000    0.000000
   1.000000    1.000000    0.000000
   0.975000    0.975000    0.000000
   0.950000    0.950000    0.000000
   0.925000    0.925000    0.000000
   0.900000    0.900000    0.000000
   0.875000    0.875000    0.000000
   0.850000    0.850000    0.000000
   0.825000    0.825000    0.000000
   0.800000    0.800000    0.000000
   0.775000    0.775000    0.000000
   0.750000    0.750000    0.000000
   0.725000    0.725000    0.000000
   0.700000    0.700000    0.000000
   0.675000    0.675000    0.000000
   0.650000    0.650000    0.000000
   0.625000    0.625000    0.000000
   0.600000    0.600000    0.000000
   0.575000    0.575000    0.000000
   0.550000    0.550000    0.000000
   0.525000    0.525000    0.000000
   0.500000    0.500000    0.000000
   0.475000    0.475000    0.000000
   0.450000    0.450000    0.000000
   0.425000    0.425000    0.000000
   0.400000    0.400000    0.000000
   0.375000    0.375000    0.000000
   0.350000    0.350000    0.000000
   0.325000    0.325000    0.000000
   0.300000    0.300000    0.000000
   0.275000    0.275000    0.000000
   0.250000    0.250000    0.000000
   0.225000    0.225000    0.000000
   0.200000    0.200000    0.000000
   0.175000    0.175000    0.000000
   0.150000    0.150000    0.000000
   0.125000    0.125000    0.000000
   0.100000    0.100000    0.000000
   0.075000    0.075000    0.000000
   0.050000    0.050000    0.000000
   0.025000    0.025000    0.000000
   0.000000    0.000000    0.000000
   0.012500    0.012500    0.012500
   0.025000    0.025000    0.025000
   0.037500    0.037500    0.037500
   0.050000    0.050000    0.050000
   0.062500    0.062500    0.062500
   0.075000    0.075000    0.075000
   0.087500    0.087500    0.087500
   0.100000    0.100000    0.100000
   0.112500    0.112500    0.112500
   0.125000    0.125000    0.125000
   0.137500    0.137500    0.137500
   0.150000    0.150000    0.150000
   0.162500    0.162500    0.162500
   0.175000    0.175000    0.175000
   0.187500    0.187500    0.187500
   0.200000    0.200000    0.200000
   0.212500    0.212500    0.212500
   0.225000    0.225000    0.225000
   0.237500    0.237500    0.237500
   0.250000    0.250000    0.250000
   0.262500    0.262500    0.262500
   0.275000    0.275000    0.275000
   0.287500    0.287500    0.287500
   0.300000    0.300000    0.300000
   0.312500    0.312500    0.312500
   0.325000    0.325000    0.325000
   0.337500    0.337500    0.337500
   0.350000    0.350000    0.350000
   0.362500    0.362500    0.362500
   0.375000    0.375000    0.375000
   0.387500    0.387500    0.387500
   0.400000    0.400000    0.400000
   0.412500    0.412500    0.412500
   0.425000    0.425000    0.425000
   0.437500    0.437500    0.437500
   0.450000    0.450000    0.450000
   0.462500    0.462500    0.462500
   0.475000    0.475000    0.475000
   0.487500    0.487500    0.487500
   0.500000    0.500000    0.500000
